Time_(s)	Photoconductance_Signal_(V)	Reference_Voltage_(V)	Apparent_Carrier_Density_(cm-3)	Tau_(s)	Inverse_Tau_Auger_Corrected_(s-1)	Minority_Carrier_Density_(cm-3)	Implied_Voc_(V)	Implied_Suns_(suns)	Photogeneration_(A/cm2)	Jo_(A/cm2)	ni_(cm-3)
0,000222400000	0,904486089	0,00232326807	7776718920000000	-0,0000274905029	-36980,2951	7776718920000000	0,726019202	-25,3852158	0,701846742	-0,00000000000237780865	9250725200
0,000235200000	0,861112042	0,00140776420	7382339310000000	0,000309558040	2660,62560	7382339310000000	0,724230044	2,14002604	-0,0303246927	-0,00000000000199084791	9242972110
0,000248000000	0,822199782	0,000847367563	7030376450000000	0,000304814513	2741,17004	7030376450000000	0,722563586	2,06971279	-0,0284543601	-0,00000000000147586365	9236016250
0,000260800000	0,784088463	0,000280301166	6687351000000000	0,000300264155	2820,07629	6687351000000000	0,720869949	1,99856267	-0,0265617671	-0,00000000000129943934	9229204960
0,000273600000	0,750438023	-0,0000424591447	6385867900000000	0,000291862025	2941,34940	6385867900000000	0,719319428	1,96340314	-0,0256265236	-0,00000000000115665439	9223193530
0,000286400000	0,718499328	-0,000202790301	6100927310000000	0,000282054371	3084,27191	6100927310000000	0,717795741	1,94102067	-0,0250311498	-0,00000000000103798249	9217491450
0,000299200000	0,688308092	-0,000423224207	5832656420000000	0,000283019921	3094,37249	5832656420000000	0,716304843	1,84933901	-0,0225924178	0,0000000000000176890451	9212105730
0,000312000000	0,661390912	-0,000475923616	5594362260000000	0,000291256291	3014,01132	5594362260000000	0,714930738	1,72362353	-0,0192483859	0,0000000000000314789331	9207308670
0,000324800000	0,635126334	-0,000713695355	5362648740000000	0,000299025575	2943,67794	5362648740000000	0,713545854	1,60930426	-0,0162074933	0,0000000000000451764196	9202633030
0,000337600000	0,611086823	-0,000679182059	5151260450000000	0,000308608517	2856,92822	5151260450000000	0,712237129	1,49786525	-0,0132432156	0,0000000000000475833086	9198358760
0,000350400000	0,587985815	-0,000763928821	4948750440000000	0,000317342326	2784,01466	4948750440000000	0,710939550	1,39937689	-0,0106234252	0,0000000000000608141616	9194256850
0,000363200000	0,567113415	-0,000706618815	4766304170000000	0,000325222804	2722,22137	4766304170000000	0,709730965	1,31512765	-0,00838239547	0,0000000000000687542714	9190555950
0,000376000000	0,546819225	-0,000809700412	4589391670000000	0,000333096995	2663,57262	4589391670000000	0,708520504	1,23637881	-0,00628767626	0,0000000000000714163420	9186962960
0,000388800000	0,526699688	-0,000911741532	4414468320000000	0,000340373543	2613,19231	4414468320000000	0,707283541	1,16383055	-0,00435789257	0,0000000000000715376091	9183406730
0,000401600000	0,508097184	-0,000873778162	4253147610000000	0,000346848742	2571,00050	4253147610000000	0,706104755	1,10036679	-0,00266975670	0,0000000000000714703758	9180124370
0,000414400000	0,492670136	-0,000892253669	4119665500000000	0,000356714978	2501,67852	4119665500000000	0,705099844	1,03635310	-0,000966992566	0,0000000000000708747120	9177406850
0,000427200000	0,476006373	-0,000830316732	3975789340000000	0,000364078976	2456,15693	3975789340000000	0,703984650	0,979929670	0,000533870768	0,0000000000000708310719	9174476510
0,000440000000	0,459180415	-0,000955042609	3830835780000000	0,000369913922	2424,04143	3830835780000000	0,702825171	0,929308696	0,00188038868	0,0000000000000707349725	9171523360
0,000452800000	0,445863862	-0,000953507343	3716345320000000	0,000380923041	2354,72755	3716345320000000	0,701882129	0,875479461	0,00331224633	0,0000000000000708027186	9169190520
0,000465600000	0,430964943	-0,00100423786	3588491120000000	0,000389260464	2308,30395	3588491120000000	0,700798669	0,827253711	0,00459505129	0,0000000000000708201249	9166585370
0,000478400000	0,417410870	-0,000901931315	3472398530000000	0,000393513854	2289,40289	3472398530000000	0,699785335	0,791838621	0,00553709268	0,0000000000000711564175	9164220150
0,000491200000	0,406075804	-0,000896162591	3375473600000000	0,000399226064	2260,41878	3375473600000000	0,698916395	0,758722516	0,00641798108	0,0000000000000709814174	9162245860
0,000504000000	0,393077092	-0,000973545898	3264504110000000	0,000407976845	2215,10718	3264504110000000	0,697894327	0,718040346	0,00750012681	0,0000000000000701694642	9159986190
0,000516800000	0,382572490	-0,000971858013	3174968040000000	0,000416055195	2174,28209	3174968040000000	0,697047229	0,684787072	0,00838466389	0,0000000000000708009781	9158163690
0,000529600000	0,371601232	-0,00101646642	3081589280000000	0,000421453429	2150,53220	3081589280000000	0,696141130	0,656133643	0,00914684510	0,0000000000000716294124	9156263830
0,000542400000	0,360831624	-0,000923765029	2990060760000000	0,000429180781	2114,68643	2990060760000000	0,695229235	0,625182613	0,00997014248	0,0000000000000717668379	9154402640
0,000555200000	0,349974433	-0,000993312465	2897922230000000	0,000434386564	2093,66271	2897922230000000	0,694286065	0,598656203	0,0106757450	0,0000000000000708386883	9152530250
0,000568000000	0,340381373	-0,000961222610	2816623840000000	0,000441780682	2061,20267	2816623840000000	0,693431606	0,572122824	0,0113815329	0,0000000000000702813301	9150879300
0,000580800000	0,330945098	-0,00105052200	2736756850000000	0,000447871146	2036,36854	2736756850000000	0,692570672	0,548340436	0,0120141444	0,0000000000000700787236	9149258620
0,000593600000	0,322046223	-0,000996937977	2661531610000000	0,000454337339	2010,17854	2661531610000000	0,691739160	0,525678653	0,0126169478	0,0000000000000696369404	9147733320
0,000606400000	0,312902305	-0,000944703239	2584329260000000	0,000461207885	1983,11008	2584329260000000	0,690863805	0,502826623	0,0132248118	0,0000000000000683481251	9146169280
0,000619200000	0,304647043	-0,000964790511	2514711960000000	0,000467278797	1960,08559	2514711960000000	0,690054270	0,482924586	0,0137542060	0,0000000000000683558335	9144760170
0,000632000000	0,297506025	-0,00100550613	2454554020000000	0,000475311409	1928,35591	2454554020000000	0,689338481	0,463405837	0,0142734047	0,0000000000000673744087	9143543580
0,000644800000	0,289845178	-0,00105408487	2390081690000000	0,000479697709	1913,86314	2390081690000000	0,688553756	0,447107798	0,0147069326	0,0000000000000668126113	9142240890
0,000657600000	0,282541746	-0,000986566732	2328679760000000	0,000484946448	1895,80990	2328679760000000	0,687788600	0,430906583	0,0151378849	0,0000000000000657894530	9141001430
0,000670400000	0,276541729	-0,00100745730	2278281590000000	0,000496844293	1850,12419	2278281590000000	0,687146941	0,411485219	0,0156544932	0,0000000000000644885698	9139985020
0,000683200000	0,269058697	-0,000968450790	2215484220000000	0,000504381560	1824,64232	2215484220000000	0,686329354	0,394163680	0,0161152461	0,0000000000000633291255	9138719780
0,000696000000	0,262090987	-0,00102688931	2157068950000000	0,000506279410	1821,47626	2157068950000000	0,685549902	0,382332226	0,0164299628	0,0000000000000632308555	9137544130
0,000708800000	0,255671502	-0,00104148972	2103298910000000	0,000509935434	1811,23464	2103298910000000	0,684815450	0,370128859	0,0167545723	0,0000000000000626275269	9136463130
0,000721600000	0,248949843	-0,00103213965	2047048290000000	0,000513474534	1801,81156	2047048290000000	0,684028764	0,357747265	0,0170839228	0,0000000000000623215213	9135333540
0,000734400000	0,243209121	-0,000991021227	1999047560000000	0,000511877587	1811,37448	1999047560000000	0,683341860	0,350448460	0,0172780710	0,0000000000000624425145	9134370680
0,000747200000	0,238005071	-0,000985346029	1955566700000000	0,000518192767	1790,72033	1955566700000000	0,682706631	0,338647934	0,0175919649	0,0000000000000616045051	9133499380
0,000760000000	0,232138145	-0,00103918701	1906584480000000	0,000528940786	1755,05534	1906584480000000	0,681975516	0,323456691	0,0179960520	0,0000000000000613948173	9132518900
0,000772800000	0,226904146	-0,00102915017	1862919650000000	0,000531395742	1749,47946	1862919650000000	0,681309253	0,314588756	0,0182319391	0,0000000000000629538250	9131645840
0,000785600000	0,221785749	-0,00104989533	1820249470000000	0,000536494737	1734,67607	1820249470000000	0,680644311	0,304461647	0,0185013202	0,0000000000000626099132	9130793600
0,000798400000	0,216462102	-0,000984288086	1775899950000000	0,000544636100	1710,01232	1775899950000000	0,679937990	0,292603296	0,0188167523	0,0000000000000628554825	9129908820
0,000811200000	0,211110926	-0,00101280178	1731353690000000	0,000543099019	1718,41768	1731353690000000	0,679212158	0,286071058	0,0189905099	0,0000000000000629182827	9129021190
0,000824000000	0,207310371	-0,00109724381	1699735540000000	0,000547019320	1707,49675	1699735540000000	0,678686557	0,278834067	0,0191830138	0,0000000000000640875191	9128391850
0,000836800000	0,202268098	-0,00116298006	1657812540000000	0,000550723211	1698,21491	1657812540000000	0,677975696	0,270127739	0,0194146021	0,0000000000000633445558	9127558280
0,000849600000	0,197160814	-0,00115984398	1615378610000000	0,000551305513	1699,34285	1615378610000000	0,677239210	0,262935445	0,0196059172	0,0000000000000630548677	9126715620
0,000862400000	0,192848356	-0,00112793578	1579571680000000	0,000561252399	1669,76327	1579571680000000	0,676603810	0,252550522	0,0198821561	0,0000000000000642811608	9126005430
0,000875200000	0,189084817	-0,00117309631	1548339840000000	0,000573363617	1634,36452	1548339840000000	0,676038703	0,242327834	0,0201540796	0,0000000000000663224115	9125386640
0,000888000000	0,184291873	-0,00120303809	1508588840000000	0,000572711779	1639,19367	1508588840000000	0,675304094	0,236375206	0,0203124195	0,0000000000000648086667	9124599990
0,000900800000	0,180672341	-0,00119967835	1478587090000000	0,000577970056	1625,45250	1478587090000000	0,674737756	0,229566607	0,0204935283	0,0000000000000642418356	9124006970
0,000913600000	0,176408391	-0,00115554164	1443263030000000	0,000585523692	1605,65428	1443263030000000	0,674057208	0,221191360	0,0207163098	0,0000000000000635566959	9123309540
0,000926400000	0,172973486	-0,00115530969	1414822160000000	0,000585634802	1607,35930	1414822160000000	0,673498003	0,216791435	0,0208333478	0,0000000000000636692702	9122748650
0,000939200000	0,169833161	-0,00118298368	1388832170000000	0,000586482875	1606,74289	1388832170000000	0,672977826	0,212501292	0,0209474656	0,0000000000000640715190	9122236610
0,000952000000	0,166106737	-0,00123090901	1358006100000000	0,000597299315	1578,06152	1358006100000000	0,672349051	0,204021928	0,0211730167	0,0000000000000652896603	9121629930
0,000964800000	0,162882572	-0,00121203274	1331347650000000	0,000604292316	1560,58467	1331347650000000	0,671794531	0,197702220	0,0213411209	0,0000000000000667879617	9121105850
0,000977600000	0,159795152	-0,00117225514	1305830960000000	0,000609404639	1548,51707	1305830960000000	0,671254028	0,192286302	0,0214851844	0,0000000000000687999079	9120604730
0,000990400000	0,155853855	-0,00118956826	1273273000000000	0,000611890356	1544,16476	1273273000000000	0,670549953	0,186730416	0,0216329709	0,0000000000000682252013	9119966060
0,00100320000	0,151993087	-0,00120924505	1241397450000000	0,000603716386	1568,55532	1241397450000000	0,669844227	0,184520673	0,0216917501	0,0000000000000664705549	9119341600
0,00101600000	0,149363559	-0,00120037100	1219697090000000	0,000608257883	1557,72769	1219697090000000	0,669354062	0,179941520	0,0218135556	0,0000000000000674910634	9118916960
0,00102880000	0,146615097	-0,00118350684	1197023640000000	0,000611352480	1551,01364	1197023640000000	0,668833157	0,175702602	0,0219263108	0,0000000000000673109196	9118473690
0,00104160000	0,143310791	-0,00116530726	1169776160000000	0,000602668213	1576,51486	1169776160000000	0,668194848	0,174177328	0,0219668831	0,0000000000000682309620	9117941580
0,00105440000	0,140753054	-0,00118182587	1148693470000000	0,000611708939	1553,48470	1148693470000000	0,667691356	0,168510306	0,0221176259	0,0000000000000686373763	9117530300
0,00106720000	0,137688869	-0,00121957664	1123446110000000	0,000637479014	1489,18654	1123446110000000	0,667076908	0,158144282	0,0223933621	0,0000000000000701278653	9117038290
0,00108000000	0,134987493	-0,00122432715	1101196980000000	0,000646121347	1469,77835	1101196980000000	0,666524618	0,152938936	0,0225318243	0,0000000000000730796521	9116605180
0,00109280000	0,132534383	-0,00118327432	1080999840000000	0,000633207877	1502,76977	1080999840000000	0,666014136	0,153195661	0,0225249954	0,0000000000000745008657	9116212400
0,00110560000	0,129620090	-0,00114978852	1057014570000000	0,000631140895	1509,63692	1057014570000000	0,665396157	0,150287131	0,0226023623	0,0000000000000737998430	9115746450
0,00111840000	0,126775359	-0,00121836785	1033611140000000	0,000635313597	1500,88351	1033611140000000	0,664780344	0,145994393	0,0227165491	0,0000000000000755283999	9115292320
0,00113120000	0,124721943	-0,00122144253	1016723550000000	0,000636447446	1499,27161	1016723550000000	0,664327787	0,143353229	0,0227868041	0,0000000000000785134538	9114964940
0,00114400000	0,122895562	-0,00119763345	1001707170000000	0,000645681669	1477,86055	1001707170000000	0,663919396	0,139216101	0,0228968517	0,0000000000000833711004	9114674080
0,00115680000	0,120191616	-0,00114594956	979482490000000	0,000651207601	1466,28624	979482490000000	0,663304259	0,134972210	0,0230097392	0,0000000000000865940451	9114243990
0,00116960000	0,117397780	-0,00118955569	956527724000000	0,000656215665	1456,18547	956527724000000	0,662654947	0,130803123	0,0231206369	0,0000000000000941405862	9113800290
0,00118240000	0,115225846	-0,00123034567	938688790000000	0,000674730981	1415,62570	938688790000000	0,662140111	0,124841254	0,0232792226	0,0000000000000966104227	9113455840
0,00119520000	0,113152981	-0,00122032396	921668557000000	0,000682980679	1398,92300	921668557000000	0,661640216	0,121097031	0,0233788190	0,0000000000000946658160	9113127500
0,00120800000	0,110591971	-0,00121542203	900646948000000	0,000665487701	1438,89067	900646948000000	0,661010612	0,121445574	0,0233695477	0,0000000000000840276018	9112722390
0,00122080000	0,108947770	-0,00115860098	887154749000000	0,000662171050	1447,36705	887154749000000	0,660599149	0,120225429	0,0234020036	0,0000000000000763145046	9112462620
0,00123360000	0,107041806	-0,00119282227	871518399000000	0,000676057650	1417,44763	871518399000000	0,660114818	0,115680451	0,0235229000	0,0000000000000690377105	9112161810
0,00124640000	0,105156466	-0,00118550122	856055312000000	0,000684718362	1399,82641	856055312000000	0,659627687	0,112190735	0,0236157264	0,0000000000000702583334	9111864580
0,00125920000	0,103544622	-0,00122406131	842838588000000	0,000680572771	1409,65230	842838588000000	0,659204663	0,111131451	0,0236439034	0,0000000000000683980646	9111610750
0,00127200000	0,101675262	-0,00118232823	827514008000000	0,000678771332	1414,62971	827514008000000	0,658706219	0,109400424	0,0236899487	0,0000000000000632987958	9111316660
0,00128480000	0,0995188096	-0,00118665056	809840852000000	0,000687504468	1397,15815	809840852000000	0,658120382	0,105703970	0,0237882744	0,0000000000000555746196	9110977830
0,00129760000	0,0975978178	-0,00119182081	794101872000000	0,000698730729	1374,89496	794101872000000	0,657588337	0,101984347	0,0238872164	0,0000000000000469201608	9110676370
0,00131040000	0,0957448202	-0,00119009372	778923963000000	0,000710574936	1352,10622	778923963000000	0,657065669	0,0983676563	0,0239834203	0,0000000000000399124422	9110385930
0,00132320000	0,0939540179	-0,00121322409	764259215000000	0,000705331409	1363,59870	764259215000000	0,656551378	0,0972332056	0,0240135967	0,0000000000000367959855	9110105550
0,00133600000	0,0918933315	-0,00117027184	747388927000000	0,000694484445	1386,92755	747388927000000	0,655947976	0,0965720120	0,0240311845	0,0000000000000397887495	9109783320
0,00134880000	0,0899702443	-0,00120589168	731649492000000	0,000701798476	1373,02631	731649492000000	0,655373191	0,0935530171	0,0241114897	0,0000000000000403859547	9109482980
0,00136160000	0,0890934655	-0,00115121727	724474928000000	0,000713215972	1350,71946	724474928000000	0,655107258	0,0911526803	0,0241753387	0,0000000000000453403607	9109346170
0,00137440000	0,0878368159	-0,00119821747	714193459000000	0,000717526481	1343,01826	714193459000000	0,654721745	0,0893192521	0,0242241079	0,0000000000000516431711	9109150230
0,00138720000	0,0866793411	-0,00117033245	704724995000000	0,000733089082	1314,09687	704724995000000	0,654361998	0,0862640943	0,0243053751	0,0000000000000604854224	9108969890
0,00140000000	0,0847656299	-0,00117801367	689073657000000	0,000754858698	1275,85600	689073657000000	0,653757078	0,0819156963	0,0244210425	0,0000000000000658907916	9108672020
0,00141280000	0,0834429566	-0,00119670851	678258577000000	0,000775669332	1241,07292	678258577000000	0,653331348	0,0784667774	0,0245127837	0,0000000000000679902811	9108466370
0,00142560000	0,0818883746	-0,00119869448	665549800000000	0,000751407779	1283,59087	665549800000000	0,652822688	0,0794825907	0,0244857631	0,0000000000000679926647	9108224890
0,00143840000	0,0802769103	-0,00122212544	652378916000000	0,000710700998	1360,74117	652378916000000	0,652285617	0,0823720994	0,0244089022	0,0000000000000647718808	9107974850
0,00145120000	0,0788093022	-0,00115377139	640386376000000	0,000689307612	1405,25215	640386376000000	0,651787474	0,0833673801	0,0243824277	0,0000000000000559302647	9107747360
0,00146400000	0,0777979582	-0,00117804274	632123621000000	0,000686355771	1412,07101	632123621000000	0,651439024	0,0826456259	0,0244016264	0,0000000000000535549190	9107590720
0,00147680000	0,0766195010	-0,00110969020	622497008000000	0,000690977566	1403,00092	622497008000000	0,651027500	0,0808426357	0,0244495859	0,0000000000000523899993	9107408340
0,00148960000	0,0751306272	-0,00111162729	610336919000000	0,000691659706	1402,42653	610336919000000	0,650498847	0,0791852530	0,0244936723	0,0000000000000580610467	9107178130
0,00150240000	0,0734232428	-0,00103778452	596395295000000	0,000698126496	1390,01181	596395295000000	0,649880141	0,0766597203	0,0245608514	0,0000000000000671936816	9106914430
0,00151520000	0,0718820239	-0,00102432715	583813345000000	0,000701121566	1384,77520	583813345000000	0,649309714	0,0747218878	0,0246123978	0,0000000000000729066637	9106676660
0,00152800000	0,0706211548	-0,000995173723	573522081000000	0,000694596616	1398,89525	573522081000000	0,648834272	0,0740942700	0,0246290924	0,0000000000000724781600	9106482340
0,00154080000	0,0690815809	-0,000990131094	560958473000000	0,000691415974	1406,39908	560958473000000	0,648242584	0,0728045374	0,0246633993	0,0000000000000660647988	9106245290
0,00155360000	0,0680710562	-0,00102890242	552713609000000	0,000708871955	1371,36190	552713609000000	0,647847308	0,0699680076	0,0247388510	0,0000000000000680176017	9106089840
0,00156640000	0,0668356640	-0,000996189271	542635634000000	0,000730810104	1329,72110	542635634000000	0,647356353	0,0666301683	0,0248276375	0,0000000000000728663284	9105899950
0,00157920000	0,0658700080	-0,00102524002	534759299000000	0,000751833369	1292,01084	534759299000000	0,646966488	0,0638269206	0,0249022039	0,0000000000000814406193	9105751640
0,00159200000	0,0644959037	-0,00100116267	523553305000000	0,000751091222	1294,11087	523553305000000	0,646402148	0,0625511592	0,0249361392	0,0000000000000933603969	9105540780
0,00160480000	0,0636276294	-0,00103941192	516473526000000	0,000760702188	1277,78601	516473526000000	0,646039561	0,0609257021	0,0249793763	0,000000000000109558203	9105407650
0,00161760000	0,0627981937	-0,00102134606	509711234000000	0,000774465277	1254,89878	509711234000000	0,645688721	0,0590594500	0,0250290186	0,000000000000113530634	9105280550
0,00163040000	0,0620470732	-0,00102807064	503588112000000	0,000789343460	1230,99033	503588112000000	0,645367138	0,0572501460	0,0250771461	0,000000000000113530634	9105165520
0,00164320000	0,0608810474	-0,00104120054	494083963000000	0,000802987723	1210,13024	494083963000000	0,644860417	0,0552152441	0,0251312745	0,000000000000102261704	9104987070
0,00165600000	0,0598720989	-0,00102566245	485861384000000	0,000811281132	1197,97617	485861384000000	0,644414356	0,0537412979	0,0251704815	0,0000000000000619363373	9104832790
0,00166880000	0,0585654293	-0,00102024244	475214205000000	0,000796584607	1221,46398	475214205000000	0,643825778	0,0535333779	0,0251760121	0,0000000000000513770838	9104633150
0,00168160000	0,0576931106	-0,000964418229	468107344000000	0,000763539774	1276,29246	468107344000000	0,643425757	0,0550149766	0,0251366016	0,0000000000000452481238	9104499990
0,00169440000	0,0567300494	-0,000980153485	460262202000000	0,000732164743	1332,96609	460262202000000	0,642977287	0,0564109797	0,0250994679	0,0000000000000508452772	9104353070
0,00170720000	0,0561407504	-0,000958536662	455462265000000	0,000726177078	1344,56454	455462265000000	0,642699229	0,0562829704	0,0251028730	0,0000000000000511159606	9104263220
0,00172000000	0,0553096635	-0,000983311523	448693599000000	0,000734313352	1329,78120	448693599000000	0,642302254	0,0548321900	0,0251414637	0,0000000000000418630562	9104136580
0,00173280000	0,0543655444	-0,000981433519	441005313000000	0,000759905333	1284,45751	441005313000000	0,641844233	0,0520776613	0,0252147342	0,0000000000000387171432	9103992810
0,00174560000	0,0531441147	-0,00100144768	431060298000000	0,000798553468	1221,46616	431060298000000	0,641240133	0,0484396691	0,0253115048	0,0000000000000284280047	9103806970
0,00175840000	0,0520942881	-0,000996670161	422513851000000	0,000810306564	1203,90237	422513851000000	0,640710072	0,0467906133	0,0253553697	0,0000000000000279312187	9103647370
0,00177120000	0,0510230140	-0,000981486173	413794099000000	0,000798101335	1223,38719	413794099000000	0,640158413	0,0465257519	0,0253624150	0,0000000000000259749463	9103484650
0,00178400000	0,0502236309	-0,000995066442	407288285000000	0,000778931357	1254,68024	407288285000000	0,639739406	0,0469212826	0,0253518939	0,0000000000000246827536	9103363320
0,00179680000	0,0494041982	-0,000993166741	400620051000000	0,000755390482	1295,15677	400620051000000	0,639303126	0,0475913822	0,0253340692	0,0000000000000148842883	9103239020
0,00180960000	0,0489669849	-0,00101038894	397062488000000	0,000759101007	1288,93561	397062488000000	0,639067468	0,0469382005	0,0253514439	0,00000000000000910239535	9103172730
0,00182240000	0,0486252975	-0,00100148522	394282361000000	0,000773225692	1265,06650	394282361000000	0,638881873	0,0457581245	0,0253828339	0,00000000000000910239535	9103120940
0,00183520000	0,0477652705	-0,00100305979	387285372000000	0,000778116440	1257,42898	387285372000000	0,638409070	0,0446635918	0,0254119485	0,0000000000000142230611	9102990650
0,00184800000	0,0471731428	-0,000997293145	382468442000000	0,000795742716	1229,30011	382468442000000	0,638078720	0,0431310547	0,0254527139	0,0000000000000142230611	9102901000
0,00186080000	0,0461904983	-0,000997171035	374475558000000	0,000799572661	1223,84190	374475558000000	0,637521508	0,0420274155	0,0254820707	0,0000000000000209560349	9102752310
0,00187360000	0,0451371340	-0,000999727876	365908656000000	0,000782146230	1252,30885	365908656000000	0,636911258	0,0419809122	0,0254833077	0,0000000000000386356647	9102593050
0,00188640000	0,0442742682	-0,000999587565	358892000000000	0,000737758120	1329,72629	358892000000000	0,636400966	0,0436532842	0,0254388226	0,0000000000000572624841	9102462690
0,00189920000	0,0433184398	-0,00100110482	351120380000000	0,000712034102	1379,24169	351120380000000	0,635824280	0,0442509285	0,0254229253	0,0000000000000624453836	9102318390
0,00191200000	0,0425730543	-0,00101089226	345060545000000	0,000702593163	1398,53924	345060545000000	0,635365902	0,0440715706	0,0254276962	0,0000000000000509153236	9102205940
0,00192480000	0,0420371393	-0,000998101785	340704054000000	0,000710210462	1383,57999	340704054000000	0,635031485	0,0430484362	0,0254549116	0,0000000000000606978801	9102125130
0,00193760000	0,0413784311	-0,00100641948	335349817000000	0,000762303070	1287,73727	335349817000000	0,634614709	0,0394764007	0,0255499277	0,0000000000000709005051	9102025860
0,00195040000	0,0407970074	-0,000987281290	330624189000000	0,000795638204	1233,10799	330624189000000	0,634241426	0,0372894638	0,0256081003	0,0000000000000899927088	9101938280
0,00196320000	0,0399528798	-0,000980555097	323764071000000	0,000809883415	1211,48337	323764071000000	0,633690150	0,0358734620	0,0256457659	0,000000000000111586447	9101811190
0,00197600000	0,0393631152	-0,000969888652	318971611000000	0,000834518254	1175,37098	318971611000000	0,633298210	0,0342991481	0,0256876427	0,000000000000111302590	9101722460
0,00198880000	0,0385682347	-0,000959958942	312512994000000	0,000817683683	1200,49602	312512994000000	0,632760794	0,0342965071	0,0256877129	0,000000000000124516780	9101602930
0,00200160000	0,0381816913	-0,000958515991	309372485000000	0,000801235636	1225,82250	309372485000000	0,632495536	0,0346488298	0,0256783411	0,000000000000104544821	9101544830
0,00201440000	0,0379096769	-0,000934483398	307162580000000	0,000811076384	1210,83521	307162580000000	0,632307295	0,0339839373	0,0256960273	0,0000000000000764989206	9101503960
0,00202720000	0,0371082048	-0,000931864265	300651734000000	0,000820247838	1197,50769	300651734000000	0,631744888	0,0328916577	0,0257250819	0,0000000000000471050374	9101383580
0,00204000000	0,0366362187	-0,000901931315	296817846000000	0,000815972278	1204,16570	296817846000000	0,631408111	0,0326423749	0,0257317128	0,0000000000000261622233	9101312730
0,00205280000	0,0360135808	-0,000930444982	291760619000000	0,000816017611	1204,45371	291760619000000	0,630957294	0,0320844267	0,0257465543	0,0000000000000343320617	9101219310
0,00206560000	0,0353547383	-0,000913064370	286409808000000	0,000793821345	1239,09610	286409808000000	0,630471892	0,0323766758	0,0257387804	0,0000000000000217358965	9101120510
0,00207840000	0,0346817065	-0,000921558307	280944270000000	0,000752741099	1308,22984	280944270000000	0,629966816	0,0334920471	0,0257091115	0,00000000000000902540501	9101019630
0,00209120000	0,0343704050	-0,000888862960	278416435000000	0,000762420004	1291,54296	278416435000000	0,629729949	0,0327693427	0,0257283355	-0,00000000000000495915919	9100973000
0,00210400000	0,0336769952	-0,000875607609	272786197000000	0,000772929783	1274,10530	272786197000000	0,629194703	0,0316701042	0,0257575752	-0,0000000000000220826295	9100869150
0,00211680000	0,0330315775	-0,000903093890	267546129000000	0,000769789339	1279,75281	267546129000000	0,628686719	0,0311884595	0,0257703870	-0,0000000000000895425985	9100772550
0,00212960000	0,0325068169	-0,000902046340	263286011000000	0,000786452783	1252,52864	263286011000000	0,628266485	0,0300415458	0,0258008949	-0,000000000000140844857	9100694050
0,00214240000	0,0317361200	-0,000933117577	257029899000000	0,000813012451	1211,43120	257029899000000	0,627637098	0,0283696248	0,0258453680	-0,000000000000194876623	9100578820
0,00215520000	0,0314164841	-0,000907788437	254435461000000	0,000818999484	1202,62276	254435461000000	0,627371663	0,0278779705	0,0258584460	-0,000000000000179135502	9100531060
0,00216800000	0,0309411009	-0,000920388682	250577060000000	0,000821606237	1199,02107	250577060000000	0,626971954	0,0273681049	0,0258720084	-0,000000000000191383827	9100460040
0,00218080000	0,0305669198	-0,000875358186	247540237000000	0,000836757345	1177,19695	247540237000000	0,626653080	0,0265468755	0,0258938531	-0,000000000000181396769	9100404160
0,00219360000	0,0300317832	-0,000883189206	243197390000000	0,000833398279	1182,32041	243197390000000	0,626190324	0,0261862587	0,0259034455	-0,000000000000165094234	9100324270
0,00220640000	0,0297278898	-0,000881749023	240731319000000	0,000854190502	1153,28709	240731319000000	0,625923921	0,0252897770	0,0259272919	-0,000000000000152061743	9100278930
0,00221920000	0,0293454109	-0,000880015061	237627681000000	0,000863951853	1140,27914	237627681000000	0,625584802	0,0246816752	0,0259434674	-0,000000000000152015534	9100221870
0,00223200000	0,0289329328	-0,000886293550	234280802000000	0,000853775026	1154,31238	234280802000000	0,625214189	0,0246241018	0,0259449989	-0,000000000000154034782	9100160350
0,00224480000	0,0285371552	-0,000874119826	231069613000000	0,000849056164	1161,04890	231069613000000	0,624853673	0,0244215689	0,0259503863	-0,000000000000150048460	9100101350
0,00225760000	0,0279107530	-0,000896107300	225987588000000	0,000825858403	1194,49100	225987588000000	0,624272922	0,0245553506	0,0259468277	-0,000000000000130708076	9100008010
0,00227040000	0,0275056333	-0,000873911800	222701075000000	0,000788818530	1251,58071	222701075000000	0,623890469	0,0253345009	0,0259261023	-0,000000000000100187949	9099947670
0,00228320000	0,0269611898	-0,000887645134	218284599000000	0,000742916235	1330,22109	218284599000000	0,623367678	0,0263663729	0,0258986545	-0,0000000000000590191869	9099866610
0,00229600000	0,0266498022	-0,000872310941	215758803000000	0,000707695960	1397,38916	215758803000000	0,623063990	0,0273582902	0,0258722695	-0,0000000000000769763431	9099820270
0,00230880000	0,0261879134	-0,000881598783	212012431000000	0,000696335820	1420,70674	212012431000000	0,622607035	0,0273218268	0,0258732394	-0,0000000000000616444031	9099751550
0,00232160000	0,0258780346	-0,000876008379	209499146000000	0,000715430627	1382,55547	209499146000000	0,622296004	0,0262773686	0,0259010220	-0,0000000000000680294140	9099705460
0,00233440000	0,0252262210	-0,000878889931	204212942000000	0,000722658399	1368,94980	204212942000000	0,621629630	0,0253581374	0,0259254735	-0,000000000000104374034	9099608560
0,00234720000	0,0247369388	-0,000877347204	200245183000000	0,000741347470	1334,34627	200245183000000	0,621118191	0,0242385933	0,0259552534	-0,000000000000135629275	9099535860
0,00236000000	0,0241400438	-0,000877157163	195405125000000	0,000741563762	1334,29575	195405125000000	0,620480612	0,0236458317	0,0259710209	-0,000000000000145608751	9099447210
0,00237280000	0,0235575139	-0,000879658837	190681940000000	0,000721818938	1371,51781	190681940000000	0,619843231	0,0237054625	0,0259694347	-0,000000000000169044716	9099360740
0,00238560000	0,0233453108	-0,000875889648	188961482000000	0,000717990259	1379,02737	188961482000000	0,619607183	0,0236168449	0,0259717919	-0,000000000000152931292	9099329250
0,00239840000	0,0229388660	-0,000882157557	185666331000000	0,000726352863	1363,22583	185666331000000	0,619149106	0,0229378468	0,0259898533	-0,000000000000184252886	9099268960
0,00241120000	0,0226688781	-0,000882880948	183477575000000	0,000759334447	1303,58254	183477575000000	0,618840378	0,0216828834	0,0260232353	-0,000000000000155307280	9099228920
0,00242400000	0,0224220410	-0,000874134031	181476573000000	0,000780531740	1267,95965	181476573000000	0,618554935	0,0208639794	0,0260450181	-0,000000000000167706546	9099192320
0,00243680000	0,0220419462	-0,000878174642	178395443000000	0,000799785777	1237,33527	178395443000000	0,618109280	0,0200159968	0,0260675745	-0,000000000000169551960	9099135980
0,00244960000	0,0216251853	-0,000881216353	175017278000000	0,000801031535	1235,63061	175017278000000	0,617611841	0,0196064270	0,0260784690	-0,000000000000151684885	9099074230
0,00246240000	0,0213039894	-0,000870354907	172413876000000	0,000791780869	1250,40091	172413876000000	0,617221973	0,0195404407	0,0260802243	-0,000000000000118725528	9099026650
0,00247520000	0,0209257845	-0,000886183145	169348547000000	0,000794783211	1245,84773	169348547000000	0,616755406	0,0191205303	0,0260913939	-0,0000000000000696131735	9098970650
0,00248800000	0,0206481085	-0,000882521918	167098102000000	0,000771445549	1284,07070	167098102000000	0,616407529	0,0194371857	0,0260829709	-0,0000000000000294189409	9098929540
0,00250080000	0,0201560660	-0,000895730918	163110525000000	0,000757042708	1309,01587	163110525000000	0,615779595	0,0193343131	0,0260857073	0,000000000000101451786	9098856730
0,00251360000	0,0197963983	-0,000869549662	160195905000000	0,000800769353	1237,09278	160195905000000	0,615310949	0,0179519286	0,0261224787	0,000000000000217782738	9098803520
0,00252640000	0,0195195036	-0,000874114080	157952149000000	0,000831398677	1191,24577	157952149000000	0,614944393	0,0170483893	0,0261465128	0,000000000000217782738	9098762580
0,00253920000	0,0192029791	-0,000878751554	155387368000000	0,000834934270	1186,33499	155387368000000	0,614519032	0,0167005420	0,0261557656	0,000000000000339568639	9098715780
0,00255200000	0,0190053392	-0,000893234194	153785960000000	0,000823344492	1203,30836	153785960000000	0,614249908	0,0167610895	0,0261541550	0,000000000000372638783	9098686570
0,00256480000	0,0185632365	-0,000886024252	150203916000000	0,000811326545	1221,55437	150203916000000	0,613637755	0,0166131778	0,0261580895	0,000000000000399492852	9098621240
0,00257760000	0,0184179302	-0,000869703941	149026651000000	0,000820459636	1207,91790	149026651000000	0,613433409	0,0162994843	0,0261664337	0,000000000000399492852	9098599770
0,00259040000	0,0183014153	-0,000886499216	148082670000000	0,000785651007	1261,98594	148082670000000	0,613268399	0,0169138201	0,0261500924	0,000000000000385042039	9098582560
0,00260320000	0,0180295923	-0,000893176476	145880472000000	0,000756156678	1311,79035	145880472000000	0,612879367	0,0173122100	0,0261394952	0,000000000000349895276	9098542420
0,00261600000	0,0177364334	-0,000927862636	143505514000000	0,000724183677	1370,34757	143505514000000	0,612453247	0,0177822618	0,0261269918	0,000000000000333711905	9098499140
0,00262880000	0,0173499543	-0,000905678317	140374695000000	0,000703950813	1410,25951	140374695000000	0,611880717	0,0178942563	0,0261240128	0,000000000000267839660	9098442090
0,00264160000	0,0170236718	-0,000913656236	137731653000000	0,000710727430	1396,90346	137731653000000	0,611387458	0,0173899297	0,0261374279	0,000000000000204030735	9098393950
0,00265440000	0,0166193836	-0,000915227237	134456896000000	0,000684063798	1451,98003	134456896000000	0,610763138	0,0176381738	0,0261308246	0,000000000000128128706	9098334320
0,00266720000	0,0161488072	-0,000934710506	130645435000000	0,000656155119	1514,43019	130645435000000	0,610017247	0,0178671327	0,0261247343	0,000000000000125056670	9098264940
0,00268000000	0,0158713379	-0,000944361272	128398175000000	0,000653337320	1521,16383	128398175000000	0,609567296	0,0176355305	0,0261308949	0,000000000000133568331	9098224040
0,00269280000	0,0154522608	-0,000937375269	125004181000000	0,000668240662	1487,27045	125004181000000	0,608872732	0,0167864470	0,0261534805	0,000000000000142120505	9098162290
0,00270560000	0,0151878974	-0,000932719854	122863275000000	0,000692926152	1434,11198	122863275000000	0,608424927	0,0159111759	0,0261767627	0,000000000000159847449	9098123350
0,00271840000	0,0150599937	-0,000929905762	121827495000000	0,000730571192	1359,82286	121827495000000	0,608205493	0,0149640763	0,0262019556	0,000000000000171758650	9098104520
0,00273120000	0,0148297519	-0,000949391100	119963015000000	0,000795130046	1248,82023	119963015000000	0,607805794	0,0135386809	0,0262398711	0,000000000000227279091	9098070610
0,00274400000	0,0145827428	-0,000957134520	117962822000000	0,000837227804	1185,72559	117962822000000	0,607370095	0,0126435391	0,0262636819	0,000000000000341254707	9098034250
0,00275680000	0,0143542523	-0,000954395953	116112649000000	0,000901521711	1100,67570	116112649000000	0,606960503	0,0115576752	0,0262925658	0,000000000000333307767	9098000620
0,00276960000	0,0142318513	-0,000945590225	115121546000000	0,00100158432	989,929275	115121546000000	0,606738422	0,0103142164	0,0263256418	0,000000000000338434382	9097982610
0,00278240000	0,0139803893	-0,000937800808	113085467000000	0,00101131047	980,473045	113085467000000	0,606276177	0,0100343544	0,0263330862	0,000000000000451902294	9097945610
0,00279520000	0,0138680437	-0,000938184056	112175832000000	0,000999618674	992,103708	112175832000000	0,606066991	0,0100700606	0,0263321364	0,000000000000347722507	9097929090
0,00280800000	0,0136576383	-0,000945876628	110472270000000	0,00101038813	981,563085	110472270000000	0,605670662	0,00981142727	0,0263390160	0,000000000000221124492	9097898140
0,00282080000	0,0134666728	-0,000941329404	108926147000000	0,000974019428	1018,62889	108926147000000	0,605305677	0,0100353302	0,0263330602	0,000000000000184381147	9097870060
0,00283360000	0,0133817449	-0,000942853934	108238555000000	0,000894189177	1110,33625	108238555000000	0,605141706	0,0108622482	0,0263110642	0,000000000000184381147	9097857570
0,00284640000	0,0132649943	-0,000924619131	107293333000000	0,000872298806	1138,46866	107293333000000	0,604914603	0,0110375988	0,0263063999	0,0000000000000364411645	9097840400
0,00285920000	0,0130978442	-0,000937803711	105940102000000	0,000855979773	1160,42156	105940102000000	0,604585991	0,0111061626	0,0263045761	-0,0000000000000640730307	9097815830
0,00287200000	0,0128929112	-0,000930229067	104281025000000	0,000807690327	1230,38707	104281025000000	0,604177376	0,0115858407	0,0262918166	-0,0000000000000640730307	9097785710
0,00288480000	0,0127207188	-0,000947887197	102887044000000	0,000778654598	1276,65542	102887044000000	0,603829033	0,0118572228	0,0262845979	-0,000000000000182991805	9097760410
0,00289760000	0,0123304842	-0,000942068350	99728030600000	0,000728998051	1364,36178	99728030600000	0,603021963	0,0122760322	0,0262734575	0,0000000000000496683419	9097703080
0,00291040000	0,0120491663	-0,000932793194	97450823900000	0,000689619299	1442,85522	97450823900000	0,602424278	0,0126807007	0,0262626934	0,0000000000000995410376	9097661760
0,00292320000	0,0118885343	-0,000942109887	96150583100000	0,000681976424	1459,19970	96150583100000	0,602076760	0,0126517239	0,0262634641	0,0000000000000841091302	9097638180
0,00293600000	0,0116586651	-0,000933563848	94289950800000	0,000731118108	1360,77535	94289950800000	0,601571261	0,0115729749	0,0262921589	-0,0000000000000302543517	9097604430
0,00294880000	0,0113797137	-0,000950516514	92032112500000	0,000768508119	1294,39234	92032112500000	0,600944371	0,0107462781	0,0263141490	-0,000000000000185017032	9097563490
0,00296160000	0,0111519487	-0,000947480164	90188643800000	0,000778551709	1277,73897	90188643800000	0,600421096	0,0103951686	0,0263234885	-0,000000000000339211481	9097530060
0,00297440000	0,0109413461	-0,000963048298	88484135500000	0,000805612420	1234,71735	88484135500000	0,599927722	0,00985612954	0,0263378270	-0,000000000000203861035	9097499170
0,00298720000	0,0107932983	-0,000958543634	87285943500000	0,000805633988	1234,77054	87285943500000	0,599575218	0,00972240425	0,0263413840	-0,000000000000369022991	9097477450
0,00300000000	0,0106685838	-0,000968435571	86276613900000	0,000798101360	1246,55860	86276613900000	0,599274525	0,00970068014	0,0263419619	-0,000000000000120165551	9097459160
0,00301280000	0,0108393743	-0,000972817379	87658847300000	0,000834564501	1191,71492	87658847300000	0,599685438	0,00942546947	0,0263492825	-0,000000000000369022991	9097484210
0,00302560000	0,0106118920	-0,000963831762	85817806100000	0,000832248793	1195,18180	85817806100000	0,599136682	0,00925318782	0,0263538652	-0,000000000000120165551	9097450840
0,00303840000	0,0104129343	-0,000958260572	84207666500000	0,000830444587	1197,90853	84207666500000	0,598647073	0,00909930280	0,0263579585	-0,000000000000448520001	9097421670
0,00305120000	0,0101491718	-0,000961712852	82073139500000	0,000811046691	1226,86309	82073139500000	0,597983466	0,00908076284	0,0263584517	-0,000000000000340640295	9097383000
0,00306400000	0,0100227222	-0,000955981105	81049861100000	0,000751468523	1324,69013	81049861100000	0,597659229	0,00967851270	0,0263425516	-0,000000000000414372267	9097364470
0,00307680000	0,00976699080	-0,000952958905	78980438600000	0,000677411355	1470,31994	78980438600000	0,596990884	0,0104624697	0,0263216983	-0,000000000000434996392	9097326990
0,00308960000	0,00962049787	-0,000941342199	77795026500000	0,000661756510	1505,32761	77795026500000	0,596600153	0,0105492298	0,0263193905	-0,000000000000525981348	9097305530
0,00310240000	0,00932695485	-0,000944507715	75419767100000	0,000714003738	1394,92262	75419767100000	0,595799088	0,00947876694	0,0263478648	-0,000000000000644233182	9097262520
0,00311520000	0,00924170310	-0,000936084321	74729954600000	0,000764453372	1302,54394	74729954600000	0,595561741	0,00877224720	0,0263666582	-0,000000000000863976467	9097250040
0,00312800000	0,00897540296	-0,000935434596	72575246900000	0,000792405185	1256,55645	72575246900000	0,594806073	0,00821879895	0,0263813799	-0,000000000000729656897	9097211040
0,00314080000	0,00873703810	-0,000939499450	70646639700000	0,000851331481	1169,34626	70646639700000	0,594110526	0,00744663315	0,0264019196	-0,000000000000719423574	9097176140
0,00315360000	0,00871743355	-0,000937588526	70488022400000	0,000931677686	1068,05974	70488022400000	0,594052483	0,00678917144	0,0264194080	-0,000000000000719423574	9097173270
0,00316640000	0,00864668005	-0,000948016863	69915570700000	0,00100143857	993,332203	69915570700000	0,593841919	0,00626493742	0,0264333527	-0,000000000000492330922	9097162920
0,00317920000	0,00870606622	-0,000937829874	70396051400000	0,000986447680	1008,47235	70396051400000	0,594018768	0,00640385349	0,0264296575	-0,000000000000719423574	9097171610
0,00319200000	0,00845787631	-0,000947594654	68388027200000	0,000975070785	1020,44615	68388027200000	0,593271536	0,00629377300	0,0264325856	-0,000000000000363529326	9097135280
0,00320480000	0,00853042858	-0,000936125935	68975016800000	0,00105609624	941,720364	68975016800000	0,593492203	0,00586078056	0,0264441032	-0,000000000000534074598	9097145900
0,00321760000	0,00837511560	-0,000947780013	67718452700000	0,000975957340	1019,56315	67718452700000	0,593017511	0,00622649058	0,0264343754	-0,000000000000247565824	9097123170
0,00323040000	0,00838313791	-0,000948079254	67783356800000	0,000916406712	1086,14203	67783356800000	0,593042244	0,00663746057	0,0264234435	-0,000000000000247565824	9097124340
0,00324320000	0,00813834115	-0,000952160049	65802875100000	0,000797676062	1248,70910	65802875100000	0,592276726	0,00740261996	0,0264030903	-0,0000000000000617637478	9097088530
0,00325600000	0,00795039190	-0,000952408555	64282353700000	0,000741335978	1344,09396	64282353700000	0,591673273	0,00778115088	0,0263930214	0,0000000000000256768325	9097061030
0,00326880000	0,00782943149	-0,000952084234	63303797500000	0,000700188036	1423,43687	63303797500000	0,591277351	0,00811301393	0,0263841938	0,0000000000000264554731	9097043340
0,00328160000	0,00761360272	-0,000947972607	61557808300000	0,000630355487	1581,78260	61557808300000	0,590555549	0,00876324098	0,0263668978	0,0000000000000502253858	9097011770
0,00329440000	0,00742955275	-0,000948533657	60068941800000	0,000583438766	1709,46053	60068941800000	0,589923758	0,00923893353	0,0263542444	-0,000000000000115116980	9096984860
0,00330720000	0,00736380394	-0,000946053391	59537078200000	0,000577346587	1727,58522	59537078200000	0,589694278	0,00925375631	0,0263538501	-0,000000000000370206891	9096975250
0,00332000000	0,00712134993	-0,000950304802	57575831100000	0,000620265348	1607,87959	57575831100000	0,588830061	0,00832970919	0,0263784297	-0,000000000000606757910	9096939810
0,00333280000	0,00702811659	-0,000943127935	56821670300000	0,000644115910	1548,23698	56821670300000	0,588489915	0,00791620647	0,0263894289	-0,000000000000808479592	9096926180
0,00334560000	0,00681692421	-0,000947575481	55113380200000	0,000677453833	1471,96143	55113380200000	0,587702503	0,00730036353	0,0264058103	-0,000000000000941881444	9096895320
0,00335840000	0,00669307628	-0,000943746186	54111624300000	0,000727402422	1370,67410	54111624300000	0,587229371	0,00667548726	0,0264224320	-0,000000000000737612321	9096877220
0,00337120000	0,00648504144	-0,000939726687	52428953700000	0,000703078301	1418,35896	52428953700000	0,586414652	0,00669167191	0,0264220015	0,000000000000307021441	9096846830
0,00338400000	0,00645049483	-0,000942913221	52149531500000	0,000725815067	1373,82413	52149531500000	0,586276844	0,00644750333	0,0264284964	0,000000000000307021441	9096841780
0,00339680000	0,00641070402	-0,000935896844	51827694400000	0,000773609978	1288,72728	51827694400000	0,586117202	0,00601183386	0,0264400852	0,00000000000132596698	9096835970
0,00340960000	0,00630194834	-0,000946817586	50948063000000	0,000812060615	1227,58578	50948063000000	0,585675785	0,00562997378	0,0264502427	0,00000000000134304094	9096820090
0,00342240000	0,00631278615	-0,000942789213	51035720100000	0,000874621266	1139,49623	51035720100000	0,585720113	0,00523626186	0,0264607154	0,00000000000134304094	9096821670
0,00343520000	0,00614443862	-0,000946830740	49674125700000	0,000945029633	1054,41177	49674125700000	0,585022848	0,00471684873	0,0264745318	0,00000000000165341593	9096797080
0,00344800000	0,00605666194	-0,000940656360	48964201100000	0,00100382896	992,481541	48964201100000	0,584651708	0,00437709622	0,0264835692	0,00000000000184987230	9096784270
0,00346080000	0,00593092050	-0,000945850146	47947238200000	0,000938685127	1061,69040	47947238200000	0,584110603	0,00458364320	0,0264780751	0,00000000000191153555	9096765910
0,00347360000	0,00588995986	-0,000949488820	47615963500000	0,000888584992	1121,77948	47615963500000	0,583931867	0,00480862319	0,0264720906	0,00000000000183180843	9096759930
0,00348640000	0,00577461403	-0,000954733590	46683098900000	0,000809405770	1231,93743	46683098900000	0,583421808	0,00517559786	0,0264623291	0,00000000000179247455	9096743090
0,00349920000	0,00570763641	-0,000953090233	46141421200000	0,000792127476	1258,92598	46141421200000	0,583120956	0,00522712677	0,0264609584	0,00000000000142983233	9096733310
0,00351200000	0,00564423096	-0,000956197829	45628638000000	0,000794228463	1255,62412	45628638000000	0,582832890	0,00515536243	0,0264628674	0,00000000000110250683	9096724060
0,00352480000	0,00559685605	-0,000954828450	45245502700000	0,000780479505	1277,83232	45245502700000	0,582615542	0,00520212829	0,0264616234	0,00000000000110250683	9096717140
0,00353760000	0,00548973796	-0,000965310106	44379215500000	0,000783061972	1273,67046	44379215500000	0,582117269	0,00508569874	0,0264647204	0,00000000000109862283	9096701510
0,00355040000	0,00536099080	-0,000962743317	43338026500000	0,000794189868	1255,85361	43338026500000	0,581505405	0,00489679511	0,0264697453	0,000000000000394386039	9096682720
0,00356320000	0,00524940539	-0,000969666712	42435641300000	0,000799653990	1247,31611	42435641300000	0,580963137	0,00476207033	0,0264733289	0,0000000000000672923476	9096666440
0,00357600000	0,00518346441	-0,000966551297	41902386900000	0,000771266916	1293,38247	41902386900000	0,580637260	0,00487529841	0,0264703171	-0,000000000000448913650	9096656820
0,00358880000	0,00502109173	-0,000966888020	40589325300000	0,000712405817	1400,60549	40589325300000	0,579816874	0,00511271424	0,0264640018	-0,000000000000816400428	9096633130
0,00360160000	0,00495176932	-0,000974772076	40028743900000	0,000685716481	1455,28114	40028743900000	0,579458537	0,00523835006	0,0264606599	-0,00000000000129624598	9096623020
0,00361440000	0,00489954786	-0,000975561888	39606454300000	0,000711313593	1402,83330	39606454300000	0,579185280	0,00499657028	0,0264670912	-0,00000000000144777509	9096615400
0,00362720000	0,00486874912	-0,000972365438	39357401300000	0,000721995667	1382,05183	39357401300000	0,579022756	0,00489169045	0,0264698810	-0,00000000000138974246	9096610910
0,00364000000	0,00476948227	-0,000974651040	38554690600000	0,000681929204	1463,48906	38554690600000	0,578491866	0,00507346976	0,0264650457	-0,00000000000141014169	9096596430
0,00365280000	0,00469440829	-0,000970959952	37947620400000	0,000697324647	1431,15825	37947620400000	0,578082996	0,00488333677	0,0264701032	-0,00000000000120926233	9096585490
0,00366560000	0,00456655051	-0,000966029074	36913739600000	0,000781712452	1276,42509	36913739600000	0,577371411	0,00423748485	0,0264872829	-0,000000000000718551968	9096566840
0,00367840000	0,00449113700	-0,000969544776	36303941300000	0,000824832996	1209,59401	36303941300000	0,576942328	0,00394961618	0,0264949402	-0,000000000000201362228	9096555850
0,00369120000	0,00442448450	-0,000968464100	35764990400000	0,000810076493	1231,71855	35764990400000	0,576557071	0,00396186093	0,0264946145	0,0000000000000511980220	9096546130
0,00370400000	0,00429147454	-0,000968652977	34689489500000	0,000814053909	1225,76666	34689489500000	0,575770654	0,00382394719	0,0264982830	0,000000000000715026032	9096526740
0,00371680000	0,00417638548	-0,000964400631	33758910800000	0,000813897971	1226,07092	33758910800000	0,575070327	0,00372207915	0,0265009927	-0,0000000000395775837	9096509960
0,00372960000	0,00413692259	-0,000970336910	33439828100000	0,000824327110	1210,54998	33439828100000	0,574825753	0,00364025324	0,0265031693	-0,0000000000395775837	9096504210
0,00374240000	0,00419532008	-0,000970369129	33912009800000	0,000819840130	1217,15435	33912009800000	0,575186858	0,00371185925	0,0265012645	-0,0000000000429521294	9096512720
0,00375520000	0,00412708869	-0,000971565593	33360315100000	0,000780506578	1278,66440	33360315100000	0,574764444	0,00383548881	0,0264979760	-0,0000000000395775837	9096502780
0,00376800000	0,00410753874	-0,000968317060	33202242100000	0,000828763559	1204,07369	33202242100000	0,574642128	0,00359504150	0,0265043719	-0,0000000000420540298	9096499930
0,00378080000	0,00405053521	-0,000966464393	32741337200000	0,000918626940	1086,07228	32741337200000	0,574282138	0,00319833815	0,0265149242	-0,0000000000420540298	9096491620
0,00379360000	0,00397271604	-0,000958237621	32112132400000	0,000937158425	1064,59320	32112132400000	0,573782449	0,00307484533	0,0265182091	-0,0000000000476110733	9096480280
0,00380640000	0,00387934141	-0,000957801510	31357163400000	0,000821558334	1214,79280	31357163400000	0,573169828	0,00342503889	0,0265088940	-0,0000000000476110733	9096466670
0,00381920000	0,00374163175	-0,000954347252	30243747100000	0,000742005079	1345,37615	30243747100000	0,572238948	0,00365759709	0,0265027079	-0,0000000000624954855	9096446610
0,00383200000	0,00368927719	-0,000953136839	29820453300000	0,000696195640	1434,08580	29820453300000	0,571876049	0,00384370533	0,0264977574	-0,0000000000624954855	9096438980
0,00384480000	0,00363527491	-0,000948421362	29383840800000	0,000668725375	1493,12258	29383840800000	0,571496307	0,00394301022	0,0264951159	-0,0000000000677764397	9096431110
0,00385760000	0,00359512957	-0,000947295182	29059264900000	0,000706890513	1412,41079	29059264900000	0,571210342	0,00368892320	0,0265018746	-0,0000000000737036666	9096425270
0,00387040000	0,00352864147	-0,000946024592	28521711100000	0,000727096861	1373,13715	28521711100000	0,570729649	0,00352006311	0,0265063663	-0,0000000000737036666	9096415580
0,00388320000	0,00347814156	-0,000942914154	28113424600000	0,000747728618	1335,21858	28113424600000	0,570358470	0,00337393641	0,0265102533	-0,0000000000790434715	9096408220
0,00389600000	0,00342854065	-0,000939701008	27712409300000	0,000772735341	1291,96898	27712409300000	0,569988627	0,00321818238	0,0265143963	-0,0000000000846237729	9096401000
0,00390880000	0,00331811334	-0,000937325247	26819632400000	0,000747253187	1336,16591	26819632400000	0,569145692	0,00322071420	0,0265143290	-0,0000000000909018694	9096384920
0,00392160000	0,00331343427	-0,000933459927	26781803600000	0,000736359590	1355,96638	26781803600000	0,569109360	0,00326375100	0,0265131842	-0,0000000000909018694	9096384230
0,00393440000	0,00328190137	-0,000928659473	26526870800000	0,000765240974	1304,73115	26526870800000	0,568863167	0,00311067723	0,0265172560	-0,0000000000962791277	9096379640
0,00394720000	0,00320776750	-0,000924264592	25927528100000	0,000812645764	1228,54644	25927528100000	0,568274943	0,00286303713	0,0265238432	-0,000000000107029958	9096368850
0,00396000000	0,00310751596	-0,000918614258	25117044400000	0,000841160037	1186,89293	25117044400000	0,567457534	0,00267952026	0,0265287248	-0,000000000152228048	9096354250
0,00397280000	0,00307814393	-0,000916185282	24879588300000	0,000985226051	1013,07176	24879588300000	0,567213057	0,00226607587	0,0265397224	-0,000000000152228048	9096349970
0,00398560000	0,00300016685	-0,000914508256	24249193000000	0,00102761144	971,253878	24249193000000	0,566552548	0,00211755892	0,0265436729	-0,000000000170955085	9096338620
0,00399840000	0,00296728257	-0,000914974702	23983346500000	0,000930769156	1072,52356	23983346500000	0,566268848	0,00231225082	0,0265384941	-0,000000000193259599	9096333830
0,00401120000	0,00295294315	-0,000914903804	23867422700000	0,000926270271	1077,75049	23867422700000	0,566144155	0,00231225082	0,0265384941	-0,000000000193259599	9096331740
0,00402400000	0,00294641203	-0,000914067911	23814623400000	0,000924221185	1080,14802	23814623400000	0,566087161	0,00231225082	0,0265384941	-0,000000000193259599	9096330790
0,00403680000	0,00292407107	-0,000913909354	23634013500000	0,000917211900	1088,43006	23634013500000	0,565891245	0,00231225082	0,0265384941	-0,000000000193259599	9096327540
0,00404960000	0,00294686152	-0,000913414255	23818257200000	0,0000259786828	38491,2543	23818257200000	0,566091088	0,0822735045	0,0244115248	-0,000000000193259599	9096330860
