Time_(s)	Photoconductance_Signal_(V)	Reference_Voltage_(V)	Apparent_Carrier_Density_(cm-3)	Tau_(s)	Inverse_Tau_Auger_Corrected_(s-1)	Minority_Carrier_Density_(cm-3)	Implied_Voc_(V)	Implied_Suns_(suns)	Photogeneration_(A/cm2)	Jo_(A/cm2)	ni_(cm-3)
0,000390400000	0,0384045978	0,425536635	214613716000000	0,000000523203185	1911288,27	214613716000000	0,622088788	53,1136847	-1,38622401	0,000000000179771724	9085026660
0,000439200000	0,0377012473	0,415832438	210675962000000	0,000000522717485	1913064,49	210675962000000	0,621605456	52,1875962	-1,36159006	0,000000000214876781	9084952830
0,000488000000	0,0367673278	0,405430237	205447770000000	0,000000522820914	1912686,39	205447770000000	0,620949799	50,8824267	-1,32687255	0,000000000214876781	9084854860
0,000536800000	0,0358866042	0,395109570	200517814000000	0,000000523600671	1909838,29	200517814000000	0,620316310	49,5874873	-1,29242716	0,000000000234638816	9084762520
0,000585600000	0,0349898097	0,384713737	195498336000000	0,000000524284604	1907347,22	195498336000000	0,619655348	48,2831168	-1,25773091	0,000000000239950384	9084668540
0,000634400000	0,0339679799	0,374228591	189779557000000	0,000000523207629	1911273,74	189779557000000	0,618881601	46,9672027	-1,22272759	0,000000000278750391	9084561530
0,000683200000	0,0330149419	0,364062481	184446294000000	0,000000522700201	1913129,55	184446294000000	0,618139007	45,6916248	-1,18879722	0,000000000281818192	9084461790
0,000732000000	0,0325416280	0,354190117	181797784000000	0,000000529548747	1888387,45	181797784000000	0,617762325	44,4530921	-1,15585225	0,000000000281818192	9084412270
0,000780800000	0,0313945157	0,344399341	175379427000000	0,000000525377120	1903382,27	175379427000000	0,616826534	43,2241862	-1,12316335	0,000000000316210038	9084292330
0,000829600000	0,0306072649	0,334817960	170974995000000	0,000000526842478	1898088,48	170974995000000	0,616164602	42,0214613	-1,09117087	0,000000000326605180	9084210070
0,000878400000	0,0299449326	0,325500907	167269708000000	0,000000530179522	1886141,75	167269708000000	0,615594569	40,8520341	-1,06006411	0,000000000336473364	9084140890
0,000927200000	0,0293586049	0,316420972	163989814000000	0,000000534698692	1870200,57	163989814000000	0,615079475	39,7124872	-1,02975216	0,000000000366832974	9084079670
0,000976000000	0,0281999705	0,307577325	157509015000000	0,000000528331262	1892740,75	157509015000000	0,614031061	38,6027675	-1,00023362	0,000000000424877183	9083958770
0,00102480000	0,0274859582	0,298982676	153515567000000	0,000000529740440	1887706,06	153515567000000	0,613363586	37,5239568	-0,971537251	0,000000000457043437	9083884310
0,00107360000	0,0270538476	0,290582662	151098922000000	0,000000536475353	1864007,82	151098922000000	0,612951273	36,4695939	-0,943491199	0,000000000467489745	9083839260
0,00112240000	0,0265137110	0,282465642	148078269000000	0,000000540855559	1848911,98	148078269000000	0,612426640	35,4510715	-0,916398503	0,000000000505633933	9083782970
0,00117120000	0,0257441115	0,274556641	143774647000000	0,000000540264874	1850933,75	143774647000000	0,611660597	34,4583846	-0,889993031	0,000000000538532278	9083702800
0,00122000000	0,0249565460	0,266907827	139370895000000	0,000000538728655	1856212,13	139370895000000	0,610852878	33,4981906	-0,864451869	0,000000000620346597	9083620810
0,00126880000	0,0244689212	0,259495455	136644463000000	0,000000543279685	1840662,83	136644463000000	0,610340048	32,5677614	-0,839702452	0,000000000636335141	9083570060
0,00131760000	0,0239810173	0,252266244	133916600000000	0,000000547689834	1825841,42	133916600000000	0,609816710	31,6605949	-0,815571824	0,000000000663278003	9083519290
0,00136640000	0,0231392417	0,245270705	129210553000000	0,000000543513158	1839872,66	129210553000000	0,608888539	30,7827388	-0,792220853	0,000000000692860835	9083431750
0,00141520000	0,0226428171	0,238480995	126435415000000	0,000000546981774	1828205,48	126435415000000	0,608325377	29,9305858	-0,769553582	0,000000000731421311	9083380150
0,00146400000	0,0223945943	0,231929353	125047837000000	0,000000556262611	1797703,14	125047837000000	0,608039185	29,1082200	-0,747678653	0,000000000787646765	9083354350
0,00151280000	0,0216286180	0,225558194	120766206000000	0,000000552392250	1810299,19	120766206000000	0,607135829	28,3085211	-0,726406660	0,000000000845033741	9083274770
0,00156160000	0,0211067703	0,219387703	117849381000000	0,000000554210425	1804360,39	117849381000000	0,606502061	27,5341676	-0,705808857	0,000000000849121451	9083220580
0,00161040000	0,0206502966	0,213360759	115298082000000	0,000000557530355	1793616,08	115298082000000	0,605934835	26,7776771	-0,685686211	0,000000000882552945	9083173190
0,00165920000	0,0203151789	0,207551385	113425132000000	0,000000563830365	1773574,98	113425132000000	0,605510446	26,0483469	-0,666286027	0,000000000946988339	9083138410
0,00170800000	0,0197026442	0,201905536	110001877000000	0,000000562100492	1779033,45	110001877000000	0,604716503	25,3399331	-0,647442220	0,000000000992722193	9083074860
0,00175680000	0,0192435858	0,196400146	107436485000000	0,000000564377602	1771855,68	107436485000000	0,604105290	24,6491164	-0,629066497	0,00000000101898278	9083027250
0,00180560000	0,0188813438	0,191085637	105412221000000	0,000000569148486	1757003,19	105412221000000	0,603612694	23,9819622	-0,611320194	0,00000000105529557	9082989690
0,00185440000	0,0184734463	0,185882338	103132913000000	0,000000572429602	1746932,32	103132913000000	0,603046674	23,3289148	-0,593949134	0,00000000109418791	9082947400
0,00190320000	0,0179763277	0,180855853	100355167000000	0,000000572490221	1746747,53	100355167000000	0,602339852	22,6981783	-0,577171542	0,00000000115850457	9082895890
0,00195200000	0,0177653286	0,175981884	99176209900000	0,000000581437360	1719868,61	99176209900000	0,602033967	22,0863479	-0,560896853	0,00000000117573575	9082874020
0,00200080000	0,0172703069	0,171225927	96410372100000	0,000000580926554	1721381,08	96410372100000	0,601301955	21,4892801	-0,545014849	0,00000000119616396	9082822750
0,00204960000	0,0168286370	0,166619775	93942740700000	0,000000581701152	1719089,04	93942740700000	0,600631049	20,9113773	-0,529642635	0,00000000125543648	9082777010
0,00209840000	0,0164864850	0,162163300	92031194600000	0,000000585519845	1707877,43	92031194600000	0,600099193	20,3522662	-0,514770282	0,00000000127520392	9082741590
0,00214720000	0,0161270714	0,157837071	90023279500000	0,000000588447430	1699380,67	90023279500000	0,599528577	19,8091798	-0,500324183	0,00000000129562909	9082704390
0,00219600000	0,0157849965	0,153613846	88112295100000	0,000000591790747	1689780,13	88112295100000	0,598973642	19,2791409	-0,486225149	0,00000000131288170	9082669000
0,00224480000	0,0156107720	0,149524430	87139023300000	0,000000601259706	1663168,54	87139023300000	0,598686399	18,7659227	-0,472573544	0,00000000140772734	9082650970
0,00229360000	0,0152108597	0,145561282	84905053000000	0,000000601801146	1661672,34	84905053000000	0,598014843	18,2683727	-0,459338713	0,00000000144563329	9082609610
0,00234240000	0,0147394710	0,141705773	82271917400000	0,000000599001698	1669438,42	82271917400000	0,597200376	17,7845508	-0,446469051	0,00000000154973913	9082560860
0,00239120000	0,0143734534	0,137950417	80227459700000	0,000000600017359	1666612,66	80227459700000	0,596549926	17,3132484	-0,433932409	0,00000000162409967	9082523020
0,00244000000	0,0142380258	0,134301202	79471022700000	0,000000610509309	1637970,93	79471022700000	0,596305079	16,8552751	-0,421750319	0,00000000162409967	9082509020
0,00248880000	0,0138858468	0,130769994	77503958200000	0,000000611468267	1635402,25	77503958200000	0,595657362	16,4122942	-0,409967026	0,00000000167705926	9082472630
0,00253760000	0,0137055352	0,127343361	76496870000000	0,000000619759880	1613522,60	76496870000000	0,595319392	15,9823097	-0,398529438	0,00000000174254523	9082454000
0,00258640000	0,0133821129	0,124016189	74690515400000	0,000000621364280	1609356,50	74690515400000	0,594701961	15,5646195	-0,387418878	0,00000000182471670	9082420590
0,00263520000	0,0130241830	0,120779734	72691498300000	0,000000620943789	1610446,47	72691498300000	0,594001123	15,1583059	-0,376610938	0,00000000190046107	9082383620
0,00268400000	0,0128523074	0,117633436	71731608800000	0,000000629129314	1589493,15	71731608800000	0,593657754	14,7635223	-0,366109694	0,00000000196334252	9082365870
0,00273280000	0,0124773864	0,114571686	69637808200000	0,000000627084139	1594677,29	69637808200000	0,592892630	14,3793287	-0,355890144	0,00000000206943960	9082327160
0,00278160000	0,0122149088	0,111617386	68172009400000	0,000000630138971	1586946,58	68172009400000	0,592343249	14,0084180	-0,346023918	0,00000000214669281	9082300060
0,00283040000	0,0119670679	0,108750884	66787984000000	0,000000633621353	1578224,79	66787984000000	0,591813622	13,6485924	-0,336452558	0,00000000230041500	9082274490
0,00287920000	0,0116822148	0,105949082	65197312000000	0,000000634890353	1575070,39	65197312000000	0,591191259	13,2968968	-0,327097455	0,00000000241427226	9082245090
0,00292800000	0,0114765696	0,103229779	64048978900000	0,000000640137496	1562159,73	64048978900000	0,590732501	12,9556223	-0,318019553	0,00000000241427226	9082223880
0,00297680000	0,0112044440	0,100574146	62529451700000	0,000000641455621	1558949,76	62529451700000	0,590112705	12,6222664	-0,309152285	0,00000000244649278	9082195800
0,00302560000	0,0110395511	0,0980137224	61608723300000	0,000000648522080	1541963,07	61608723300000	0,589729815	12,3008969	-0,300603856	0,00000000245782290	9082178800
0,00307440000	0,0110182218	0,0955118109	61489625700000	0,000000664217252	1505527,03	61489625700000	0,589679872	11,9870146	-0,292254587	0,00000000248401788	9082176600
0,00312320000	0,0107792397	0,0930769774	60155226800000	0,000000666805965	1499682,27	60155226800000	0,589113623	11,6813551	-0,284124047	0,00000000254083440	9082151950
0,00317200000	0,0105624680	0,0907168458	58944870800000	0,000000670391946	1491660,41	58944870800000	0,588589089	11,3850926	-0,276243463	0,00000000268819256	9082129600
0,00322080000	0,0103714285	0,0884307084	57878213100000	0,000000675280003	1480862,97	57878213100000	0,588117865	11,0981492	-0,268610769	0,00000000289516623	9082109910
0,00326960000	0,0102417433	0,0862055751	57154135100000	0,000000684046236	1461885,32	57154135100000	0,587793031	10,8188609	-0,261181699	0,00000000297237111	9082096540
0,00331840000	0,00989986410	0,0840386912	55245347600000	0,000000678235762	1474409,52	55245347600000	0,586916671	10,5471315	-0,253953697	0,00000000307350415	9082061300
0,00336720000	0,00968107259	0,0819292674	54023819600000	0,000000680312357	1469909,09	54023819600000	0,586339878	10,2824418	-0,246912953	0,00000000326066749	9082038760
0,00341600000	0,00960410665	0,0798653281	53594119700000	0,000000692349638	1444353,02	53594119700000	0,586133885	10,0233064	-0,240019951	0,00000000332825604	9082030830
0,00346480000	0,00939188510	0,0778706602	52409306200000	0,000000694381711	1440126,26	52409306200000	0,585557264	9,77303540	-0,233362742	0,00000000358437167	9082008960
0,00351360000	0,00927553882	0,0759253517	51759766000000	0,000000703341994	1421779,66	51759766000000	0,585235613	9,52895094	-0,226870095	0,00000000358437167	9081996980
0,00356240000	0,00910292783	0,0740367719	50796123900000	0,000000707848412	1412728,14	50796123900000	0,584750934	9,29200953	-0,220567454	0,00000000369998344	9081979200
0,00361120000	0,00886551354	0,0721960046	49470728600000	0,000000706954864	1414513,84	49470728600000	0,584069126	9,06099633	-0,214422502	0,00000000377839245	9081954750
0,00366000000	0,00887100723	0,0704089860	49501397400000	0,000000725356101	1378629,57	49501397400000	0,584085108	8,83660671	-0,208453738	0,00000000377839245	9081955310
0,00370880000	0,00866500137	0,0686517710	48351368000000	0,000000726642289	1376189,41	48351368000000	0,583478979	8,61603455	-0,202586519	0,00000000384052559	9081934100
0,00375760000	0,00846163223	0,0669481036	47216080900000	0,000000727629293	1374322,74	47216080900000	0,582866364	8,40231767	-0,196901650	0,00000000396025124	9081913160
0,00380640000	0,00835253624	0,0652920597	46607073300000	0,000000736458836	1357845,73	46607073300000	0,582531659	8,19450435	-0,191373816	0,00000000400693142	9081901930
0,00385520000	0,00796074660	0,0636839812	44420035800000	0,000000719641291	1389577,92	44420035800000	0,581292675	7,99249116	-0,186000265	0,00000000453548918	9081861600
0,00390400000	0,00786779612	0,0621331759	43901182400000	0,000000728988790	1371759,98	43901182400000	0,580989818	7,79784688	-0,180822727	0,00000000481300958	9081852030
0,00395280000	0,00791964779	0,0606185659	44190620000000	0,000000752124901	1329563,16	44190620000000	0,581159201	7,60780658	-0,175767655	0,00000000453548918	9081857370
0,00400160000	0,00771741501	0,0591376467	43061759100000	0,000000751271487	1331073,57	43061759100000	0,580492207	7,42188457	-0,170822130	0,00000000488214332	9081836560
0,00405040000	0,00752693866	0,0576971752	41998543000000	0,000000751002192	1331550,95	41998543000000	0,579847865	7,24123021	-0,166016724	0,00000000495059348	9081816960
0,00409920000	0,00747094713	0,0562821515	41686008800000	0,000000764163208	1308617,90	41686008800000	0,579655365	7,06355818	-0,161290648	0,00000000497550604	9081811200
0,00414800000	0,00748339562	0,0549217963	41755493800000	0,000000784426438	1274813,72	41755493800000	0,579698287	6,89256287	-0,156742172	0,00000000497550604	9081812480
0,00419680000	0,00733397892	0,0535838838	40921485200000	0,000000787949271	1269114,22	40921485200000	0,579178338	6,72469304	-0,152276835	0,00000000516218434	9081797110
0,00424560000	0,00728494000	0,0522772319	40647764200000	0,000000802234300	1246515,63	40647764200000	0,579005387	6,56076937	-0,147916465	0,00000000516218434	9081792060
0,00429440000	0,00708840845	0,0510210193	39550795600000	0,000000799821320	1250276,33	39550795600000	0,578300412	6,40297172	-0,143719048	0,00000000559690243	9081771850
0,00434320000	0,00685011809	0,0497823590	38220772800000	0,000000792156709	1262373,66	38220772800000	0,577419039	6,24752056	-0,139584047	0,00000000573527037	9081747340
0,00439200000	0,00677800309	0,0485964767	37818267500000	0,000000802913270	1245461,74	37818267500000	0,577146273	6,09891146	-0,135631045	0,00000000596298066	9081739920
0,00444080000	0,00682709452	0,0474237667	38092267900000	0,000000828707840	1206695,08	38092267900000	0,577332267	5,95188755	-0,131720209	0,00000000573527037	9081744970
0,00448960000	0,00673876783	0,0462849762	37599279500000	0,000000838089141	1193187,72	37599279500000	0,576996653	5,80909721	-0,127921986	0,00000000598418650	9081735890
0,00453840000	0,00664310466	0,0451763809	37065348000000	0,000000846453136	1181397,57	37065348000000	0,576628179	5,67001880	-0,124222500	0,00000000612507812	9081726050
0,00458720000	0,00661341794	0,0440904819	36899656500000	0,000000863455836	1158134,10	36899656500000	0,576512757	5,53352058	-0,120591647	0,00000000612563313	9081723000
0,00463600000	0,00644981245	0,0430338637	35986528200000	0,000000862780045	1159041,30	35986528200000	0,575867239	5,40081365	-0,117061643	0,00000000627066322	9081706180
0,00468480000	0,00629628986	0,0419860508	35129688600000	0,000000863241401	1158421,91	35129688600000	0,575246482	5,26940252	-0,113566107	0,00000000659400036	9081690390
0,00473360000	0,00613957775	0,0409826541	34255061100000	0,000000862357411	1159609,46	34255061100000	0,574597065	5,14347676	-0,110216482	0,00000000674546329	9081674280
0,00478240000	0,00595772598	0,0400063330	33240143200000	0,000000857231192	1166543,98	33240143200000	0,573822424	5,02093104	-0,106956766	0,00000000704715884	9081655590
0,00483120000	0,00586783049	0,0390539361	32738441700000	0,000000864865102	1156247,25	32738441700000	0,573430740	4,90149953	-0,103779887	0,00000000717433177	9081646350
0,00488000000	0,00589413735	0,0381330022	32885258300000	0,000000889724892	1123940,49	32885258300000	0,573545977	4,78591357	-0,100705301	0,00000000717433177	9081649050
0,00492880000	0,00575423318	0,0372218441	32104468000000	0,000000889884763	1123738,62	32104468000000	0,572927136	4,67144287	-0,0976603802	0,00000000734257715	9081634680
0,00497760000	0,00578420558	0,0363524432	32271739800000	0,000000915913523	1091803,74	32271739800000	0,573060967	4,56233576	-0,0947581313	0,00000000724009304	9081637760
0,00502640000	0,00575818378	0,0354914134	32126515700000	0,000000933924642	1070747,82	32126515700000	0,572944816	4,45421449	-0,0918821055	0,00000000724009304	9081635080
0,00507520000	0,00566884802	0,0346603361	31627947700000	0,000000941486889	1062147,33	31627947700000	0,572542032	4,34986793	-0,0891064869	0,00000000738210542	9081625900
0,00512400000	0,00553443717	0,0338442622	30877831400000	0,000000941305327	1062352,26	30877831400000	0,571923935	4,24752174	-0,0863840782	0,00000000776089193	9081612090
0,00517280000	0,00552888242	0,0330400405	30846831800000	0,000000963250500	1038149,26	30846831800000	0,571898070	4,14658581	-0,0836991826	0,00000000776089193	9081611520
0,00522160000	0,00543602658	0,0322690149	30328630600000	0,000000969697619	1031247,05	30328630600000	0,571461817	4,04982080	-0,0811252333	0,00000000789763255	9081601980
0,00527040000	0,00525268035	0,0315049743	29305443000000	0,000000959693065	1041997,64	29305443000000	0,570578160	3,95398729	-0,0785760619	0,00000000788736198	9081583140
0,00531920000	0,00522730993	0,0307705447	29163861500000	0,000000977829270	1022671,24	29163861500000	0,570453467	3,86190270	-0,0761266119	0,00000000797852726	9081580540
0,00536800000	0,00508620915	0,0300483224	28376444500000	0,000000974286048	1026390,50	28376444500000	0,569748765	3,77129783	-0,0737165222	0,00000000848529960	9081566040
0,00541680000	0,00509384818	0,0293430269	28419074100000	0,000000999190224	1000808,31	28419074100000	0,569787413	3,68282500	-0,0713631451	0,00000000824078846	9081566830
0,00546560000	0,00501690453	0,0286591094	27989692200000	0,00000100756671	992488,029	27989692200000	0,569395461	3,59702658	-0,0690809071	0,00000000855034503	9081558920
0,00551440000	0,00501960772	0,0279837698	28004777200000	0,00000103246711	968551,767	28004777200000	0,569409332	3,51216759	-0,0668236579	0,00000000855034503	9081559200
0,00556320000	0,00497472736	0,0273340464	27754325000000	0,00000104756514	954592,508	27754325000000	0,569178057	3,43059119	-0,0646537256	0,00000000862233600	9081554590
0,00561200000	0,00480813699	0,0266894184	26824687000000	0,00000103694289	964371,261	26824687000000	0,568301001	3,34964791	-0,0625006344	0,00000000900795213	9081537480
0,00566080000	0,00473205820	0,0260585304	26400143300000	0,00000104525203	956705,095	26400143300000	0,567890332	3,27042807	-0,0603933867	0,00000000916037910	9081529670
0,00570960000	0,00463700286	0,0254459370	25869708900000	0,00000104891297	953366,013	25869708900000	0,567367870	3,19353311	-0,0583479808	0,00000000963938351	9081519910
0,00575840000	0,00461424353	0,0248410786	25742706400000	0,00000106917771	935296,287	25742706400000	0,567241190	3,11762333	-0,0563287807	0,00000000963938351	9081517570
0,00580720000	0,00454469172	0,0242611594	25354592600000	0,00000107820925	927461,861	25354592600000	0,566850161	3,04489920	-0,0543943187	0,00000000971639598	9081510430
0,00585600000	0,00448763894	0,0236890680	25036228000000	0,00000109038415	917106,101	25036228000000	0,566524918	2,97309443	-0,0524843118	0,00000000982250728	9081504570
0,00590480000	0,00446955901	0,0231434520	24935339200000	0,00000111160668	899596,899	24935339200000	0,566420988	2,90458082	-0,0506618499	0,00000000982250728	9081502710
0,00595360000	0,00444628992	0,0226138842	24805494300000	0,00000113174835	883586,795	24805494300000	0,566286609	2,83803240	-0,0488916620	0,00000000990848745	9081500320
0,00600240000	0,00444860631	0,0220949676	24818420100000	0,00000115896090	862840,023	24818420100000	0,566300018	2,77283919	-0,0471575224	0,00000000990848745	9081500560
0,00605120000	0,00439862819	0,0215871249	24539535900000	0,00000117289746	852587,613	24539535900000	0,566009159	2,70910373	-0,0454621593	0,0000000100704340	9081495430
0,00610000000	0,00434902946	0,0210870184	24262770000000	0,00000118716329	842342,290	24262770000000	0,565717229	2,64636205	-0,0437932304	0,0000000102871113	9081490340
0,00614880000	0,00422304974	0,0205991883	23559796800000	0,00000118003217	847432,755	23559796800000	0,564960530	2,58521714	-0,0421667760	0,0000000105769067	9081477400
0,00619760000	0,00418791117	0,0201187437	23363723400000	0,00000119812577	834635,166	23363723400000	0,564745449	2,52498604	-0,0405646286	0,0000000107407292	9081473800
0,00624640000	0,00420535899	0,0196516365	23461082200000	0,00000123168037	811897,188	23461082200000	0,564852470	2,46643319	-0,0390071228	0,0000000107616121	9081475590
0,00629520000	0,00419562379	0,0191922616	23406759800000	0,00000125818728	794792,485	23406759800000	0,564792811	2,40888099	-0,0374762344	0,0000000107407292	9081474590
0,00634400000	0,00413707174	0,0187462672	23080040200000	0,00000127009826	787338,928	23080040200000	0,564431055	2,35298184	-0,0359893170	0,0000000110617222	9081468580
0,00639280000	0,00405870559	0,0183166748	22642761200000	0,00000127526339	784150,032	22642761200000	0,563938800	2,29905218	-0,0345547880	0,0000000111247720	9081460530
0,00644160000	0,00396774737	0,0178967080	22135223300000	0,00000127595564	783724,641	22135223300000	0,563355411	2,24629953	-0,0331515675	0,0000000114788308	9081451200
0,00649040000	0,00394227602	0,0174858728	21993096500000	0,00000129751061	770704,952	21993096500000	0,563189649	2,19479922	-0,0317816591	0,0000000114788308	9081448580
0,00653920000	0,00386457764	0,0170757257	21559551900000	0,00000130244462	767785,342	21559551900000	0,562677320	2,14338309	-0,0304139901	0,0000000116229818	9081440610
0,00658800000	0,00376711001	0,0166753644	21015702700000	0,00000130007018	769187,665	21015702700000	0,562019898	2,09313122	-0,0290772905	0,0000000120725048	9081430600
0,00663680000	0,00367583238	0,0162765132	20506397200000	0,00000129969926	769407,218	20506397200000	0,561388646	2,04298806	-0,0277434824	0,0000000121046844	9081421240
0,00668560000	0,00363383901	0,0158917647	20272086600000	0,00000131601586	759867,732	20272086600000	0,561092957	1,99460390	-0,0264564637	0,0000000121167290	9081416930
0,00673440000	0,00360267763	0,0155124264	20098215900000	0,00000133662441	748151,810	20098215900000	0,560871327	1,94700673	-0,0251903790	0,0000000121143372	9081413730
0,00678320000	0,00354573583	0,0151467902	19780500000000	0,00000134725290	742249,646	19780500000000	0,560461347	1,90111099	-0,0239695523	0,0000000120832221	9081407880
0,00683200000	0,00354316983	0,0147880645	19766182600000	0,00000137895400	725185,859	19766182600000	0,560442718	1,85606148	-0,0227712355	0,0000000120832221	9081407620
0,00688080000	0,00350467324	0,0144435378	19551385800000	0,00000139655723	716045,085	19551385800000	0,560161598	1,81275096	-0,0216191755	0,0000000120535714	9081403670
0,00692960000	0,00355348803	0,0141052201	19823754600000	0,00000145005253	689628,694	19823754600000	0,560517548	1,77019664	-0,0204872306	0,0000000120809801	9081408680
0,00697840000	0,00349816421	0,0137697538	19515067900000	0,00000146225409	683874,200	19515067900000	0,560113762	1,72809079	-0,0193672151	0,0000000120535714	9081403000
0,00702720000	0,00343912282	0,0134495848	19185640400000	0,00000147180532	679436,236	19185640400000	0,559675749	1,68789438	-0,0182979904	0,0000000120022901	9081396950
0,00707600000	0,00342350543	0,0131299715	19098501900000	0,00000150079310	666312,922	19098501900000	0,559558632	1,64777463	-0,0172308052	0,0000000120006756	9081395340
0,00712480000	0,00332339303	0,0128214591	18539919700000	0,00000149195582	670259,732	18539919700000	0,558794963	1,60905623	-0,0162008957	0,0000000123907559	9081385070
0,00717360000	0,00335746823	0,0125214199	18730043400000	0,00000154334773	647940,705	18730043400000	0,559057441	1,57142743	-0,0151999697	0,0000000122746045	9081388570
0,00722240000	0,00334678451	0,0122294133	18670433200000	0,00000157513428	634865,095	18670433200000	0,558975433	1,53481539	-0,0142260893	0,0000000122643583	9081387470
0,00727120000	0,00330618703	0,0119418389	18443918500000	0,00000159350207	627547,210	18443918500000	0,558661405	1,49871791	-0,0132658965	0,0000000123907559	9081383310
0,00732000000	0,00329529594	0,0116601331	18383151600000	0,00000162656206	614792,245	18383151600000	0,558576505	1,46341892	-0,0123269433	0,0000000123907559	9081382190
0,00736880000	0,00327297767	0,0113879229	18258626700000	0,00000165410007	604556,965	18258626700000	0,558401648	1,42930748	-0,0114195790	0,0000000123907559	9081379900
0,00741760000	0,00326789593	0,0111163313	18230273200000	0,00000169180707	591082,569	18230273200000	0,558361668	1,39528099	-0,0105144744	0,0000000123907559	9081379380
0,00746640000	0,00325762493	0,0108570089	18172966200000	0,00000172666028	579151,346	18172966200000	0,558280672	1,36281924	-0,00965099177	0,0000000123907559	9081378320
0,00751520000	0,00322249205	0,0105993772	17976943200000	0,00000174954086	571577,175	17976943200000	0,558001676	1,33048840	-0,00879099139	0,0000000126272940	9081374720
0,00756400000	0,00316608764	0,0103451582	17662237500000	0,00000176122751	567784,480	17662237500000	0,557547345	1,29852285	-0,00794070769	0,0000000127279380	9081368930
0,00761280000	0,00307832184	0,0100982178	17172555800000	0,00000175433353	570015,736	17172555800000	0,556824075	1,26748290	-0,00711504512	0,0000000128896916	9081359930
0,00766160000	0,00298658439	0,00985709983	16660719300000	0,00000174367187	573501,134	16660719300000	0,556045725	1,23722396	-0,00631015721	0,0000000132551490	9081350520
0,00771040000	0,00293761004	0,00962179450	16387475500000	0,00000175697475	569158,899	16387475500000	0,555620367	1,20771892	-0,00552532325	0,0000000133598344	9081345490
0,00775920000	0,00289767626	0,00939350351	16164672900000	0,00000177517109	563324,756	16164672900000	0,555268255	1,17908751	-0,00476372783	0,0000000133544523	9081341400
0,00780800000	0,00289473022	0,00916819489	16148236100000	0,00000181694571	550372,949	16148236100000	0,555242087	1,15080695	-0,00401146475	0,0000000133544523	9081341090
0,00785680000	0,00294808569	0,00895100319	16445922400000	0,00000189544320	527579,847	16445922400000	0,555711943	1,12348375	-0,00328466784	0,0000000133598344	9081346570
0,00790560000	0,00294505221	0,00874078697	16428997700000	0,00000193919444	515676,798	16428997700000	0,555685459	1,09700611	-0,00258036243	0,0000000133598344	9081346260
0,00795440000	0,00292922229	0,00853339211	16340677600000	0,00000197563460	506165,234	16340677600000	0,555546807	1,07098348	-0,00188816068	0,0000000133598344	9081344630
0,00800320000	0,00290169359	0,00832930474	16187086800000	0,00000200500000	498751,889	16187086800000	0,555303896	1,04537872	-0,00120707383	0,0000000133862868	9081341810
0,00805200000	0,00286541741	0,00812934350	15984691700000	0,00000202861060	492947,014	15984691700000	0,554980259	1,02029301	-0,000539793988	0,0000000133544523	9081338090
0,00810080000	0,00282646936	0,00792819405	15767390400000	0,00000205153623	487438,402	15767390400000	0,554628199	0,995176161	0,000128314109	0,0000000132489946	9081334090
0,00814960000	0,00282829824	0,00773388988	15777594200000	0,00000210422045	475234,177	15777594200000	0,554644838	0,970887428	0,000774394405	0,0000000133544523	9081334280
0,00819840000	0,00279811199	0,00753809553	15609177700000	0,00000213576825	468214,407	15609177700000	0,554368808	0,946335723	0,00142746977	0,0000000132236581	9081331180
0,00824720000	0,00268859660	0,00734685191	14998169000000	0,00000210547665	474950,694	14998169000000	0,553341784	0,922374203	0,00206484621	0,0000000127062383	9081319950
0,00829600000	0,00270596371	0,00715948926	15095063200000	0,00000217452260	459869,904	15095063200000	0,553507408	0,898856459	0,00269041818	0,0000000128106904	9081321730
0,00834480000	0,00264046917	0,00697592280	14729658200000	0,00000217782571	459172,446	14729658200000	0,552877165	0,875767624	0,00330458121	0,0000000126312365	9081315020
0,00839360000	0,00257584012	0,00679536819	14369084300000	0,00000218086930	458531,656	14369084300000	0,552239755	0,853137024	0,00390655517	0,0000000126015351	9081308390
0,00844240000	0,00255598438	0,00662309026	14258307000000	0,00000222028612	450391,314	14258307000000	0,552040715	0,831530820	0,00448128018	0,0000000124456742	9081306350
0,00849120000	0,00253511130	0,00645542520	14141854000000	0,00000225953750	442567,368	14141854000000	0,551829805	0,810412504	0,00504302740	0,0000000124155308	9081304210
0,00854000000	0,00246222225	0,00629268751	13735200900000	0,00000225131187	444184,412	13735200900000	0,551079455	0,789984719	0,00558640648	0,0000000128445525	9081296740
0,00858880000	0,00248505774	0,00613581573	13862601400000	0,00000233007924	429168,897	13862601400000	0,551316893	0,770359393	0,00610844015	0,0000000126903212	9081299080
0,00863760000	0,00247119765	0,00598255995	13785275100000	0,00000237646456	420792,093	13785275100000	0,551173040	0,751109803	0,00662047924	0,0000000128445525	9081297660
0,00868640000	0,00241274536	0,00583241028	13459167500000	0,00000238006759	420155,106	13459167500000	0,550557368	0,732231220	0,00712264954	0,0000000129507131	9081291660
0,00873520000	0,00242857599	0,00568498566	13547487000000	0,00000245769310	406884,592	13547487000000	0,550725569	0,713757077	0,00761406176	0,0000000129507131	9081293290
0,00878400000	0,00239385577	0,00554512607	13353782100000	0,00000248378643	402610,085	13353782100000	0,550355217	0,696160489	0,00808213099	0,0000000129201396	9081289730
0,00883280000	0,00234980513	0,00540500809	13108023500000	0,00000250144545	399767,860	13108023500000	0,549877539	0,678524466	0,00855124920	0,0000000128792265	9081285210
0,00888160000	0,00226033616	0,00526499368	12608879400000	0,00000247013430	404835,322	12608879400000	0,548879191	0,660960123	0,00901846073	0,0000000134259588	9081276030
0,00893040000	0,00225015545	0,00513511827	12552081800000	0,00000252128756	396621,787	12552081800000	0,548763095	0,644633269	0,00945275505	0,0000000135782949	9081274990
0,00897920000	0,00223414573	0,00500339194	12462764700000	0,00000256922539	389221,417	12462764700000	0,548579464	0,628103950	0,00989243492	0,0000000137454339	9081273350
0,00902800000	0,00217479952	0,00487503965	12131677600000	0,00000256688413	389576,451	12131677600000	0,547887101	0,611975349	0,0103214557	0,0000000145548713	9081267260
0,00907680000	0,00221221234	0,00474629908	12340400000000	0,00000268204503	372848,872	12340400000000	0,548325742	0,595775320	0,0107523765	0,0000000138836388	9081271100
0,00912560000	0,00220700111	0,00461817985	12311327000000	0,00000275009774	363622,496	12311327000000	0,548265090	0,579663659	0,0111809467	0,0000000139979249	9081270570
0,00917440000	0,00221622938	0,00449682557	12362810800000	0,00000283624785	352577,548	12362810800000	0,548372398	0,564406982	0,0115867743	0,0000000137938673	9081271510
0,00922320000	0,00218123244	0,00437432031	12167566100000	0,00000286978347	348457,412	12167566100000	0,547963057	0,549001993	0,0119965470	0,0000000142406705	9081267920
0,00927200000	0,00217590789	0,00425635333	12137861000000	0,00000294237906	339860,106	12137861000000	0,547900204	0,534149559	0,0123916217	0,0000000143512258	9081267380
0,00932080000	0,00219826996	0,00414046587	12262616800000	0,00000305566190	327260,397	12262616800000	0,548163149	0,519633561	0,0127777473	0,0000000142406705	9081269670
0,00936960000	0,00216681248	0,00403162908	12087118700000	0,00000309276115	323334,743	12087118700000	0,547792483	0,506052694	0,0131389983	0,0000000148272933	9081266450
0,00941840000	0,00211895676	0,00392445198	11820137600000	0,00000310645869	321909,056	11820137600000	0,547218155	0,492692880	0,0134943694	0,0000000152820975	9081261540
0,00946720000	0,00211218426	0,00381870821	11782354800000	0,00000318193538	314273,234	11782354800000	0,547135832	0,479468493	0,0138461381	0,0000000152820975	9081260840
0,00951600000	0,00214358020	0,00371430260	11957508600000	0,00000332003930	301200,336	11957508600000	0,547515267	0,466355185	0,0141949521	0,0000000151900322	9081264060
0,00956480000	0,00211270743	0,00361457022	11785273500000	0,00000336194550	297445,916	11785273500000	0,547142201	0,453908515	0,0145260335	0,0000000152820975	9081260900
0,00961360000	0,00208529128	0,00351542574	11632322800000	0,00000341137670	293135,893	11632322800000	0,546806311	0,441525817	0,0148554133	0,0000000152820975	9081258090
0,00966240000	0,00203353224	0,00341673152	11343568000000	0,00000342311602	292130,622	11343568000000	0,546159980	0,429089012	0,0151862323	0,0000000156990150	9081252780
0,00971120000	0,00195889000	0,00332231840	10927154200000	0,00000339138076	294864,310	10927154200000	0,545198357	0,417205336	0,0155023381	0,0000000160837332	9081245130
0,00976000000	0,00194335277	0,00323222815	10840475500000	0,00000345818866	289167,889	10840475500000	0,544993591	0,405899939	0,0158030616	0,0000000161848644	9081243540
0,00980880000	0,00193860542	0,00314271665	10813991200000	0,00000354822480	281830,240	10813991200000	0,544930699	0,394633746	0,0161027424	0,0000000161848644	9081243050
0,00985760000	0,00186110693	0,00305584228	10381647100000	0,00000350328440	285445,623	10381647100000	0,543881666	0,383716258	0,0163931475	0,0000000164173896	9081235100
0,00990640000	0,00184477883	0,00296908652	10290557200000	0,00000357399244	279798,343	10290557200000	0,543655086	0,372824632	0,0166828648	0,0000000164548361	9081233430
0,00995520000	0,00186143974	0,00288524904	10383503800000	0,00000371153895	269429,215	10383503800000	0,543886264	0,362250703	0,0169641313	0,0000000164173896	9081235140
0,0100040000	0,00184605028	0,00280334659	10297650300000	0,00000378846546	263958,324	10297650300000	0,543672801	0,351960676	0,0172378460	0,0000000164548361	9081233560
0,0100528000	0,00188863043	0,00272302723	10535193200000	0,00000398952555	250655,560	10535193200000	0,544259144	0,341932664	0,0175045911	0,0000000163295027	9081237930
0,0101016000	0,00189879810	0,00264298145	10591916000000	0,00000413247135	241985,132	10591916000000	0,544397203	0,331882238	0,0177719325	0,0000000163775204	9081238970
0,0101504000	0,00185607643	0,00256288171	10353583300000	0,00000416590196	240043,257	10353583300000	0,543812072	0,321811065	0,0180398257	0,0000000164173896	9081234590
0,0101992000	0,00182903734	0,00248701183	10202740100000	0,00000423016634	236396,536	10202740100000	0,543434740	0,312304838	0,0182926913	0,0000000165633857	9081231820
0,0102480000	0,00181111680	0,00241300700	10102766800000	0,00000431713482	231634,330	10102766800000	0,543181574	0,303014946	0,0185398024	0,0000000164753762	9081229980
0,0102968000	0,00175919346	0,00234097668	9813103100000	0,00000432174328	231387,350	9813103100000	0,542433664	0,294013134	0,0187792506	0,0000000161731324	9081224660
0,0103456000	0,00171696673	0,00226947893	9577534770000	0,00000434983343	229893,120	9577534770000	0,541808978	0,285102119	0,0190162836	0,0000000157730010	9081220330
0,0103944000	0,00168741016	0,00220121180	9412649530000	0,00000440744365	226888,162	9412649530000	0,541362528	0,276531402	0,0192442647	0,0000000157238981	9081217300
0,0104432000	0,00165437472	0,00213725180	9228357430000	0,00000445094381	224670,736	9228357430000	0,540854187	0,268467446	0,0194587659	0,0000000155811873	9081213910
0,0104920000	0,00166811559	0,00207559437	9305012410000	0,00000462140870	216383,518	9305012410000	0,541066849	0,260712536	0,0196650466	0,0000000154640610	9081215320
0,0105408000	0,00166228769	0,00201486588	9272500810000	0,00000474508632	210743,604	9272500810000	0,540976868	0,253030048	0,0198694007	0,0000000155811873	9081214720
0,0105896000	0,00164199596	0,00195442059	9159301250000	0,00000483326540	206898,750	9159301250000	0,540661089	0,245381058	0,0200728639	0,0000000158268546	9081212640
0,0106384000	0,00162609047	0,00189630146	9070570930000	0,00000493314239	202709,846	9070570930000	0,540410831	0,238084053	0,0202669642	0,0000000158858473	9081211010
0,0106872000	0,00161717856	0,00183990279	9020855010000	0,00000505693976	197747,356	9020855010000	0,540269539	0,230982596	0,0204558629	0,0000000163049272	9081210100
0,0107360000	0,00161408791	0,00178336424	9003613600000	0,00000520739293	192033,975	9003613600000	0,540220357	0,223880276	0,0206447846	0,0000000163049272	9081209780
0,0107848000	0,00160004037	0,00172733491	8925248240000	0,00000532944752	187636,018	8925248240000	0,539995625	0,216849013	0,0208318163	0,0000000162998215	9081208340
0,0108336000	0,00163765939	0,00167149052	9135109260000	0,00000563774113	177375,298	9135109260000	0,540593098	0,209810853	0,0210190313	0,0000000158268546	9081212200
0,0108824000	0,00160233217	0,00161602020	8938033190000	0,00000570595176	175254,907	8938033190000	0,540032423	0,202830473	0,0212047094	0,0000000166151519	9081208580
0,0109312000	0,00157296035	0,00156144557	8774180430000	0,00000579749500	172487,610	8774180430000	0,539556780	0,195968159	0,0213872470	0,0000000162998215	9081205570
0,0109800000	0,00157702630	0,00150811535	8796862600000	0,00000601785711	166171,425	8796862600000	0,539623150	0,189280237	0,0215651457	0,0000000162998215	9081205980
0,0110288000	0,00156614850	0,00145661874	8736180090000	0,00000618717951	161623,855	8736180090000	0,539445202	0,182830310	0,0217367137	0,0000000162998215	9081204870
0,0110776000	0,00158677437	0,00140538458	8851242860000	0,00000649670531	153923,488	8851242860000	0,539781578	0,176412935	0,0219074159	0,0000000162998215	9081206980
0,0111264000	0,00158660193	0,00135563733	8850280900000	0,00000673400617	148499,326	8850280900000	0,539778784	0,170177790	0,0220732708	0,0000000162998215	9081206970
0,0111752000	0,00158103221	0,00130860709	8819209820000	0,00000695258238	143830,765	8819209820000	0,539688373	0,164249050	0,0222309753	0,0000000162998215	9081206390
0,0112240000	0,00158379116	0,00126135188	8834600800000	0,00000722568564	138394,486	8834600800000	0,539733198	0,158316873	0,0223887712	0,0000000162998215	9081206680
0,0112728000	0,00156390370	0,00121332356	8723657330000	0,00000741681299	134828,124	8723657330000	0,539408326	0,152300246	0,0225488135	0,0000000164539750	9081204640
0,0113216000	0,00154974025	0,00116875225	8644645750000	0,00000762888778	131080,036	8644645750000	0,539174433	0,146725402	0,0226971043	0,0000000164539750	9081203190
0,0113704000	0,00157112585	0,00112490096	8763946570000	0,00000803340512	124479,536	8763946570000	0,539526779	0,141260060	0,0228424824	0,0000000162998215	9081205380
0,0114192000	0,00154211977	0,00108409748	8602134560000	0,00000817924670	122259,980	8602134560000	0,539047704	0,136179664	0,0229776209	0,0000000164539750	9081202410
0,0114680000	0,00154779237	0,00104334468	8633779440000	0,00000852708896	117272,646	8633779440000	0,539142099	0,131105071	0,0231126051	0,0000000164539750	9081202990
0,0115168000	0,00152133617	0,00100158468	8486192420000	0,00000873005960	114546,096	8486192420000	0,538698864	0,125867904	0,0232519137	0,0000000164539750	9081200280
0,0115656000	0,00152684332	0,000961372602	8516914220000	0,00000912711933	109562,933	8516914220000	0,538791759	0,120828081	0,0233859730	0,0000000164539750	9081200840
0,0116144000	0,00150501208	0,000921271968	8395127950000	0,00000938616461	106539,137	8395127950000	0,538421519	0,115813314	0,0235193659	0,0000000159651859	9081198600
0,0116632000	0,00149274813	0,000883314833	8326713270000	0,00000970784776	103008,797	8326713270000	0,538211170	0,111063150	0,0236457202	0,0000000158802785	9081197350
0,0117120000	0,00144095059	0,000847118656	8037760420000	0,00000976705952	102384,335	8037760420000	0,537303275	0,106559104	0,0237655278	0,0000000161028915	9081192040
0,0117608000	0,00143244408	0,000811979702	7990306920000	0,0000101264146	98751,0129	7990306920000	0,537151063	0,102170870	0,0238822549	0,0000000161028915	9081191170
0,0118096000	0,00142013335	0,000777459953	7921631770000	0,0000104820447	95400,6175	7921631770000	0,536929174	0,0978561170	0,0239970273	0,0000000151948003	9081189900
0,0118584000	0,00139005905	0,000741834971	7753863150000	0,0000107477865	93041,8097	7753863150000	0,536378923	0,0934153908	0,0241151506	0,0000000145257451	9081186820
0,0119072000	0,00140256481	0,000707275888	7823626080000	0,0000113736983	87921,5400	7823626080000	0,536609164	0,0890688237	0,0242307693	0,0000000145700748	9081188100
0,0119560000	0,00136410077	0,000673664621	7609056030000	0,0000116155242	86091,0875	7609056030000	0,535894329	0,0848225458	0,0243437203	0,0000000145257451	9081184160
0,0120048000	0,00132348491	0,000642648275	7382482950000	0,0000118155084	84633,9542	7382482950000	0,535117299	0,0809038849	0,0244479567	0,0000000143340698	9081180000
0,0120536000	0,00131259649	0,000612970549	7321742740000	0,0000122856470	81395,2233	7321742740000	0,534904938	0,0771677377	0,0245473382	0,0000000134348397	9081178880
0,0121024000	0,00127807348	0,000585969628	7129159250000	0,0000125108970	79929,7629	7129159250000	0,534219791	0,0737851904	0,0246373139	0,0000000125988285	9081175340
0,0121512000	0,00125293306	0,000557702620	6988916030000	0,0000128728608	77682,2637	6988916030000	0,533709111	0,0702997994	0,0247300253	0,0000000117612157	9081172770
0,0122000000	0,00125946663	0,000530673493	7025362850000	0,0000135817881	73627,4586	7025362850000	0,533842806	0,0669778410	0,0248183894	0,0000000117612157	9081173440
0,0122488000	0,00123205544	0,000505412231	6872452720000	0,0000139401660	71734,6196	6872452720000	0,533277177	0,0638356303	0,0249019722	0,0000000104691504	9081170630
0,0122976000	0,00123932778	0,000478876466	6913020550000	0,0000147799843	67658,5300	6913020550000	0,533428458	0,0605638132	0,0249890026	0,0000000107155991	9081171370
0,0123464000	0,00122976888	0,000450405500	6859697430000	0,0000155629094	64254,8009	6859697430000	0,533229427	0,0570733684	0,0250818484	0,0000000100782182	9081170390
0,0123952000	0,00118910568	0,000394706418	6632863290000	0,0000171252527	58392,7794	6632863290000	0,532365110	0,0501514384	0,0252659717	0,00000000806726703	9081166230
0,0124440000	0,00112110978	0,000319338172	6253559430000	0,0000198527294	50370,4169	6253559430000	0,530851590	0,0407874350	0,0255150542	0,00000000820309020	9081159260
0,0124928000	0,00105999405	0,000240343170	5912637650000	0,0000247131377	40463,8422	5912637650000	0,529410771	0,0309793792	0,0257759485	0,00000000804654432	9081152990
0,0125416000	0,00100140132	0,000159245615	5585791800000	0,0000345878099	28911,4800	5585791800000	0,527949246	0,0209112992	0,0260437594	0,00000000810524329	9081146990
0,0125904000	0,000922815270	0,0000780875155	5147420890000	0,0000613672510	16294,9295	5147420890000	0,525848731	0,0108610633	0,0263110957	0,00000000625789409	9081138940
0,0126392000	0,000834370026	-0,000000561114549	4654057180000	0,000504947423	1980,03496	4654057180000	0,523259329	0,00119345181	0,0265682542	0,00000000406235749	9081129870
0,0126880000	0,000764063185	-0,0000785523936	4261875850000	0,000446283287	2240,39001	4261875850000	0,520997069	0,00123654381	0,0265671079	0,00000000164124371	9081122670
0,0127368000	0,000678286252	-0,000153071164	3783403870000	0,000402170814	2486,20321	3783403870000	0,517936828	0,00121812397	0,0265675979	-0,000000000172268640	9081113880
0,0127856000	0,000589358992	-0,000224429098	3287363320000	0,000357384121	2797,84562	3287363320000	0,514325425	0,00119105492	0,0265683179	-0,000000000171957483	9081104760
0,0128344000	0,000498694516	-0,000294678826	2781636960000	0,000319253496	3132,08222	2781636960000	0,510033014	0,00112819487	0,0265699900	-0,000000000244011742	9081095470
0,0128832000	0,000389802978	-0,000360107898	2174246020000	0,000266782516	3748,19416	2174246020000	0,503702893	0,00105528716	0,0265719294	-0,000000000288112615	9081084310
0,0129320000	0,000269990912	-0,000424599407	1505948500000	0,000198869569	5028,29681	1505948500000	0,494266697	0,000980530537	0,0265739179	-0,000000000660353831	9081072030
0,0129808000	0,000217079776	-0,000467364527	1210818950000	0,000174992000	5714,44593	1210818950000	0,488662460	0,000895942938	0,0265761679	-0,000000000783133246	9081066600
0,0130296000	0,000168248483	-0,000490811728	938447451000	0,000151594770	6596,45458	938447451000	0,482115462	0,000801576685	0,0265786781	-0,000000000561002189	9081061590
0,0130784000	0,000137598635	-0,000504706346	767489203000	0,000143222764	6982,06512	767489203000	0,476948804	0,000693872313	0,0265815430	-0,0000000000586731196	9081058450
0,0131272000	0,000124499081	-0,000512052353	694422866000	0,000152933570	6538,72753	694422866000	0,474378548	0,000587950171	0,0265843605	0,00000000172342754	9081057100
0,0131760000	0,0000789309657	-0,000516881875	440255016000	0,000125085215	7994,51175	440255016000	0,462670423	0,000455740547	0,0265878773	0,0000000450209957	9081052420
0,0132248000	0,0000768608059	-0,000519793576	428708196000	0,000162223746	6164,28841	428708196000	0,461987620	0,000342189514	0,0265908978	0,0000000450209957	9081052210
0,0132736000	0,0000485761253	-0,000523149163	270943738000	0,000127324612	7853,91706	270943738000	0,450199061	0,000275540911	0,0265926706	0,00000000681194451	9081049300
0,0133224000	0,0000424216117	-0,000523654695	236615550000	0,000142234228	7030,63542	236615550000	0,446718653	0,000215406347	0,0265942702	0,00000000681194451	9081048670
0,0133712000	0,0000290777438	-0,000524362827	162187185000	0,000115569458	8652,79050	162187185000	0,437015765	0,000181715845	0,0265951664	   NaN	9081047290
0,0134200000	0,000000310450472	-0,000524540339	1731599860	0,00000147664596	677210,398	1731599860	0,320390419	0,000151841503	0,0265959610	   NaN	9081044290
0,0134688000	-0,00000310347588	-0,000524758628	-17310257100	-0,0000177053133	   NaN	-17310257100	   NaN	0,000126595783	0,0265966326	   NaN	   NaN
0,0135176000	-0,00000362310987	-0,000524998484	-20208619100	-0,0000215817130	   NaN	-20208619100	   NaN	0,000121246737	0,0265967748	   NaN	   NaN
0,0135664000	-0,00000577425690	-0,000524059501	-32207068000	-0,0000365923949	   NaN	-32207068000	   NaN	0,000113967151	0,0265969685	   NaN	   NaN
0,0136152000	0,00000628501861	-0,000523595563	35055963900	0,0000479432455	20857,9921	35055963900	0,397663436	0,0000946790340	0,0265974815	   NaN	9081044930
0,0136640000	0,000000556996023	-0,000521285076	3106757230	0,00000599909553	166691,794	3106757230	0,335407094	0,0000670564989	0,0265982163	   NaN	9081044310
0,0137128000	-0,00000797475686	-0,000519467953	-44480790000	-0,000119428757	   NaN	-44480790000	   NaN	0,0000482261858	0,0265987172	   NaN	   NaN
0,0137616000	-0,00000955372838	-0,000518118106	-53287813100	-0,000133229393	   NaN	-53287813100	   NaN	0,0000517901516	0,0265986224	   NaN	   NaN
0,0138104000	-0,0000303784177	-0,000517961459	-169441471000	-0,000342446620	   NaN	-169441471000	   NaN	0,0000640687371	0,0265982958	   NaN	   NaN
0,0138592000	-0,0000331719928	-0,000516592717	-185023148000	-0,000349339759	   NaN	-185023148000	   NaN	0,0000685799848	0,0265981758	   NaN	   NaN
0,0139080000	-0,0000212048639	-0,000516079211	-118274262000	-0,000241198038	   NaN	-118274262000	   NaN	0,0000634944566	0,0265983110	   NaN	   NaN
0,0139568000	-0,0000342220598	-0,000515504463	-190880088000	-0,000534439230	   NaN	-190880088000	   NaN	0,0000462467942	0,0265987698	   NaN	   NaN
0,0140056000	-0,0000253946777	-0,000514660841	-141643736000	-0,000487585582	   NaN	-141643736000	   NaN	0,0000376154147	0,0265989994	   NaN	   NaN
0,0140544000	-0,0000434535271	-0,000513952381	-242370254000	-0,00146903142	   NaN	-242370254000	   NaN	0,0000213632621	0,0265994317	   NaN	   NaN
0,0141032000	-0,0000463177765	-0,000513515899	-258346109000	-0,00207841705	   NaN	-258346109000	   NaN	0,0000160949104	0,0265995719	   NaN	   NaN
0,0141520000	-0,0000402514007	-0,000512996217	-224509825000	-0,000584607269	   NaN	-224509825000	   NaN	0,0000497267957	0,0265986773	   NaN	   NaN
0,0142008000	-0,0000324267810	-0,000511609025	-180866593000	-0,000312738833	   NaN	-180866593000	   NaN	0,0000748851805	0,0265980081	   NaN	   NaN
0,0142496000	-0,0000288723065	-0,000510366657	-161040857000	-0,000255082615	   NaN	-161040857000	   NaN	0,0000817475128	0,0265978255	   NaN	   NaN
0,0142984000	-0,0000297068571	-0,000509606975	-165695718000	-0,000284298976	   NaN	-165695718000	   NaN	0,0000754666940	0,0265979926	   NaN	   NaN
0,0143472000	-0,0000271169261	-0,000509887027	-151249898000	-0,000322249269	   NaN	-151249898000	   NaN	0,0000607746524	0,0265983834	   NaN	   NaN
0,0143960000	-0,0000454936707	-0,000510040783	-253749514000	-0,000577859333	   NaN	-253749514000	   NaN	0,0000568594197	0,0265984875	   NaN	   NaN
0,0144448000	-0,0000679377339	-0,000511602048	-378935085000	-0,000761906885	   NaN	-378935085000	   NaN	0,0000643994643	0,0265982870	   NaN	   NaN
0,0144936000	-0,0000839421799	-0,000513624221	-468202429000	-0,000768226359	   NaN	-468202429000	   NaN	0,0000789157691	0,0265979008	   NaN	   NaN
0,0145424000	-0,0000823285729	-0,000515278327	-459202286000	-0,000684285368	   NaN	-459202286000	   NaN	0,0000868932663	0,0265976886	   NaN	   NaN
0,0145912000	-0,0000838371084	-0,000516712254	-467616377000	-0,000588422127	   NaN	-467616377000	   NaN	0,000102901108	0,0265972628	   NaN	   NaN
0,0146400000	-0,0000814117178	-0,000515925777	-454088384000	-0,000605251414	   NaN	-454088384000	   NaN	0,0000971457743	0,0265974159	   NaN	   NaN
0,0146888000	-0,0000748148907	-0,000517358904	-417293539000	-0,000952171053	   NaN	-417293539000	   NaN	0,0000567474069	0,0265984905	   NaN	   NaN
0,0147376000	-0,0000787291097	-0,000516867433	-439125716000	-0,00165486856	   NaN	-439125716000	   NaN	0,0000343593312	0,0265990860	   NaN	   NaN
0,0147864000	-0,0000850145535	-0,000517587353	-474183758000	-0,00192086989	   NaN	-474183758000	   NaN	0,0000319645106	0,0265991497	   NaN	   NaN
0,0148352000	-0,0000878679017	-0,000517787134	-490098746000	-0,00198533988	   NaN	-490098746000	   NaN	0,0000319645106	0,0265991497	   NaN	   NaN
0,0148840000	-0,000107055210	-0,000518447667	-597118784000	-0,00241886711	   NaN	-597118784000	   NaN	0,0000319645106	0,0265991497	   NaN	   NaN
0,0149328000	-0,0000950993581	-0,000519201257	-530433283000	-0,00214873096	   NaN	-530433283000	   NaN	0,0000319645106	0,0265991497	   NaN	   NaN
0,0149816000	-0,0000878230487	-0,000520476642	-489848571000	0,0000944417329	   NaN	-489848571000	   NaN	-0,000671610123	0,0266178648	   NaN	   NaN
