Time_(s)	Photoconductance_Signal_(V)	Reference_Voltage_(V)	Apparent_Carrier_Density_(cm-3)	Tau_(s)	Inverse_Tau_Auger_Corrected_(s-1)	Minority_Carrier_Density_(cm-3)	Implied_Voc_(V)	Implied_Suns_(suns)	Photogeneration_(A/cm2)	Jo_(A/cm2)	ni_(cm-3)
0,000120200000	4,17790093	0,0913120918	25828806000000000	-0,0000235862454	-43678,3637	25828806000000000	0,763442631	-164,879401	4,41239207	-0,00000000000196843483	9337630400
0,000130200000	3,91753500	0,0572650253	23894721300000000	0,000123887269	6948,92743	23894721300000000	0,759748700	29,0399707	-0,745863220	-0,00000000000149597982	9301218790
0,000140200000	3,64965051	0,0373125131	21950832900000000	0,000124545471	7055,16036	21950832900000000	0,755723204	26,5365187	-0,679271397	-0,00000000000119504316	9263040120
0,000150200000	3,38919149	0,0248636243	20105334700000000	0,000121208902	7408,43138	20105334700000000	0,751559621	24,9745502	-0,637723036	-0,000000000000987032375	9225141680
0,000160200000	3,14706972	0,0169591020	18428890700000000	0,000115696658	7913,89706	18428890700000000	0,747435543	23,9827657	-0,611341569	-0,0000000000000389301682	9189138890
0,000170200000	2,92362524	0,0118508226	16915030900000000	0,000111384512	8343,63228	16915030900000000	0,743380061	22,8648771	-0,581605731	-0,0000000000000245184329	9155171540
0,000180200000	2,71739551	0,00842732617	15545994800000000	0,000110839681	8468,53845	15545994800000000	0,739392554	21,1175793	-0,535127609	0,00000000000000309221532	9123112670
0,000190200000	2,52715946	0,00611612825	14307019300000000	0,000112798000	8380,68505	14307019300000000	0,735475230	19,0971539	-0,481384294	0,0000000000000378132343	9092865470
0,000200200000	2,35721046	0,00458979724	13219481400000000	0,000115999072	8193,00763	13219481400000000	0,731753345	17,1585580	-0,429817643	0,0000000000000702472072	9065233530
0,000210200000	2,20232831	0,00357292276	12244177300000000	0,000119799293	7967,91027	12244177300000000	0,728152794	15,3884982	-0,382734051	0,0000000000000985106958	9039494350
0,000220200000	2,05820924	0,00281383566	11350158300000000	0,000123830300	7738,24350	11350158300000000	0,724599090	13,8005335	-0,340494190	0,000000000000113492699	9015016250
0,000230200000	1,92885831	0,00224359291	10558813500000000	0,000128298977	7492,37329	10558813500000000	0,721220165	12,3911841	-0,303005496	0,000000000000125257232	8992569270
0,000240200000	1,81206777	0,00177813483	9853283010000000	0,000133266403	7231,95569	9853283010000000	0,717995400	11,1322043	-0,269516633	0,000000000000134991113	8971876350
0,000250200000	1,70421757	0,00139778944	9209310800000000	0,000138398197	6979,99686	9209310800000000	0,714852500	10,0188432	-0,239901230	0,000000000000143116552	8952375530
0,000260200000	1,60387917	0,00108627014	8616692780000000	0,000143323525	6754,85605	8616692780000000	0,711768861	9,05198888	-0,214182904	0,000000000000151368965	8933864900
0,000270200000	1,51333668	0,000852231883	8087305300000000	0,000148604630	6526,76321	8087305300000000	0,708838492	8,19393248	-0,191358604	0,000000000000156017712	8916830860
0,000280200000	1,43051365	0,000661171511	7607514330000000	0,000154208038	6299,56659	7607514330000000	0,706021051	7,42773928	-0,170977865	0,000000000000158092060	8900952000
0,000290200000	1,35244520	0,000500893880	7159168410000000	0,000159365272	6105,31340	7159168410000000	0,703232217	6,76378469	-0,153316673	0,000000000000163286418	8885704450
0,000300200000	1,28127821	0,000380451172	6753756360000000	0,000164427738	5925,73555	6753756360000000	0,700565130	6,18430913	-0,137902623	0,000000000000167946333	8871550050
0,000310200000	1,21690179	0,000289838979	6389738380000000	0,000170002335	5738,13613	6389738380000000	0,698039226	5,65912225	-0,123932652	0,000000000000171293759	8858521910
0,000320200000	1,15578659	0,000198586418	6046544210000000	0,000175502120	5564,60493	6046544210000000	0,695531562	5,18735237	-0,111383573	0,000000000000175109602	8845943080
0,000330200000	1,09927662	0,000137570628	5731277300000000	0,000180751272	5408,75985	5731277300000000	0,693108374	4,77409376	-0,100390894	0,000000000000178796675	8834117540
0,000340200000	1,04777707	0,0000738415489	5445693700000000	0,000186722788	5240,30189	5445693700000000	0,690804189	4,39113482	-0,0902041861	0,000000000000181811308	8823167450
0,000350200000	0,998716435	0,0000412894655	5175170570000000	0,000192475327	5088,04994	5175170570000000	0,688516158	4,04827947	-0,0810842339	0,000000000000184021002	8812573180
0,000360200000	0,952339404	0,0000243110352	4920824120000000	0,000197423262	4964,98723	4920824120000000	0,686262235	3,75284306	-0,0732256253	0,000000000000186854968	8802403910
0,000370200000	0,909919971	-0,0000321464844	4689357200000000	0,000202616890	4841,49321	4689357200000000	0,684116206	3,48464510	-0,0660915597	0,000000000000189434379	8792963560
0,000380200000	0,869791703	-0,0000672651743	4471426570000000	0,000207871737	4722,55796	4471426570000000	0,682005309	3,23870611	-0,0595495826	0,000000000000191397418	8783904410
0,000390200000	0,833061913	-0,0000865232599	4272835000000000	0,000213157745	4608,45084	4272835000000000	0,679998511	3,01811574	-0,0536818786	0,000000000000192291433	8775497170
0,000400200000	0,799326117	-0,000105758582	4091175440000000	0,000218483470	4498,74119	4091175440000000	0,678087270	2,81935915	-0,0483949534	0,000000000000194160081	8767673420
0,000410200000	0,766309714	-0,000134357597	3914080290000000	0,000223903708	4392,37757	3914080290000000	0,676148693	2,63202087	-0,0434117551	0,000000000000198280227	8759917730
0,000420200000	0,735664600	-0,000130520795	3750316550000000	0,000229464875	4288,15707	3750316550000000	0,674284367	2,46077890	-0,0388567187	0,000000000000200412800	8752627710
0,000430200000	0,706367725	-0,000152062615	3594309460000000	0,000235122005	4187,05808	3594309460000000	0,672439040	2,30167008	-0,0346244242	0,000000000000201826874	8745572600
0,000440200000	0,679406108	-0,000189068756	3451215010000000	0,000240738718	4091,20908	3451215010000000	0,670682272	2,15847468	-0,0308154264	0,000000000000201689027	8739002660
0,000450200000	0,653807736	-0,000178979632	3315779760000000	0,000245306354	4017,00714	3315779760000000	0,668958591	2,03515628	-0,0275351570	0,000000000000201456510	8732693710
0,000460200000	0,629114655	-0,000176189453	3185526140000000	0,000249721866	3947,89890	3185526140000000	0,667240711	1,92063786	-0,0244889671	0,000000000000200923766	8726539660
0,000470200000	0,606132524	-0,000187055430	3064643930000000	0,000254085243	3881,84351	3064643930000000	0,665589745	1,81602350	-0,0217062251	0,000000000000201327077	8720749620
0,000480200000	0,584263504	-0,000219320964	2949927010000000	0,000259033224	3809,19888	2949927010000000	0,663968830	1,71465473	-0,0190098158	0,000000000000203314015	8715182180
0,000490200000	0,564732718	-0,000210569804	2847731970000000	0,000265214506	3721,44694	2847731970000000	0,662477329	1,61667499	-0,0164035547	0,000000000000205222650	8710160770
0,000500200000	0,544599478	-0,000202543263	2742638150000000	0,000269650302	3661,67513	2742638150000000	0,660893599	1,53139945	-0,0141352253	0,000000000000205954063	8704934270
0,000510200000	0,526363502	-0,000204694521	2647670420000000	0,000274532216	3597,73624	2647670420000000	0,659416004	1,45208317	-0,0120254123	0,000000000000208378061	8700155000
0,000520200000	0,507800016	-0,000227621745	2551214720000000	0,000279115600	3539,93320	2551214720000000	0,657867025	1,37620707	-0,0100071081	0,000000000000210766506	8695244330
0,000530200000	0,490142653	-0,000210112151	2459671270000000	0,000283126997	3491,05541	2459671270000000	0,656348939	1,30802688	-0,00819351497	0,000000000000213694265	8690529470
0,000540200000	0,474658997	-0,000210112151	2379561250000000	0,000286454546	3451,65386	2379561250000000	0,654979574	1,25072564	-0,00666930197	0,000000000000215445778	8686358870
0,000550200000	0,459975933	-0,000208276507	2303735130000000	0,000290732957	3401,80325	2303735130000000	0,653646066	1,19305142	-0,00513516787	0,000000000000216198914	8682371880
0,000560200000	0,444824255	-0,000249056040	2225633920000000	0,000295479249	3348,10258	2225633920000000	0,652232207	1,13409028	-0,00356680144	0,000000000000217029600	8678224170
0,000570200000	0,430890569	-0,000245537752	2153941110000000	0,000301214519	3285,06915	2153941110000000	0,650896110	1,07666057	-0,00203917104	0,000000000000218658680	8674379180
0,000580200000	0,417540094	-0,000248010062	2085366230000000	0,000308395016	3209,10066	2085366230000000	0,649581757	1,01811273	-0,000481798687	0,000000000000217843866	8670666910
0,000590200000	0,404396289	-0,000244548828	2017965070000000	0,000311940213	3173,54183	2017965070000000	0,648253162	0,974009436	0,000691349015	0,000000000000217304185	8666984550
0,000600200000	0,391546882	-0,000264080078	1952181320000000	0,000313286744	3161,01202	1952181320000000	0,646919201	0,938207753	0,00164367377	0,000000000000216073177	8663357690
0,000610200000	0,380350670	-0,000267652868	1894948250000000	0,000318579362	3109,05891	1894948250000000	0,645726933	0,895572190	0,00277777974	0,000000000000213531125	8660175310
0,000620200000	0,369247760	-0,000266433241	1838272230000000	0,000324152793	3056,14374	1838272230000000	0,644515536	0,853848743	0,00388762343	0,000000000000210532862	8656998700
0,000630200000	0,359276234	-0,000266433241	1787439590000000	0,000328587984	3015,44167	1787439590000000	0,643401611	0,819031450	0,00481376343	0,000000000000206270914	8654127890
0,000640200000	0,349137674	-0,000269892950	1735821620000000	0,000332953638	2976,48218	1735821620000000	0,642242509	0,784950398	0,00572031942	0,000000000000203704217	8651191370
0,000650200000	0,338203662	-0,000269824563	1680228690000000	0,000336535447	2945,52397	1680228690000000	0,640960884	0,751724085	0,00660413934	0,000000000000202231393	8648004240
0,000660200000	0,328744632	-0,000275435456	1632197960000000	0,000340174830	2914,59663	1632197960000000	0,639824266	0,722422955	0,00738354939	0,000000000000200653562	8645229880
0,000670200000	0,320148481	-0,000275304934	1588599320000000	0,000344400202	2879,30766	1588599320000000	0,638767705	0,694499374	0,00812631665	0,000000000000201667507	8642694610
0,000680200000	0,311220574	-0,000271848189	1543369130000000	0,000346082458	2865,99367	1543369130000000	0,637645335	0,671446025	0,00873953572	0,000000000000202224505	8640047220
0,000690200000	0,302493295	-0,000269566384	1499205740000000	0,000346440057	2863,78609	1499205740000000	0,636522272	0,651559404	0,00926851985	0,000000000000201274596	8637445110
0,000700200000	0,294181541	-0,000277247213	1457191430000000	0,000351742528	2821,00409	1457191430000000	0,635427622	0,623752947	0,0100081716	0,000000000000204569799	8634953690
0,000710200000	0,285740555	-0,000281441189	1414570240000000	0,000355900456	2788,52647	1414570240000000	0,634289617	0,598434820	0,0106816338	0,000000000000209199488	8632410220
0,000720200000	0,278289943	-0,000275884680	1376988640000000	0,000356429825	2784,99818	1376988640000000	0,633261950	0,581670722	0,0111275588	0,000000000000213317584	8630153940
0,000730200000	0,271240135	-0,000272571926	1341462350000000	0,000358257368	2771,29169	1341462350000000	0,632268549	0,563772958	0,0116036393	0,000000000000217435972	8628009270
0,000740200000	0,263633140	-0,000274580750	1303164930000000	0,000361249098	2748,82354	1303164930000000	0,631172574	0,543142135	0,0121524192	0,000000000000220590186	8625684350
0,000750200000	0,256655499	-0,000283819107	1268069540000000	0,000364928184	2721,50575	1268069540000000	0,630144215	0,523186525	0,0126832384	0,000000000000218949563	8623541940
0,000760200000	0,250390134	-0,000292862973	1236584090000000	0,000372176972	2668,66042	1236584090000000	0,629201102	0,500259147	0,0132931067	0,000000000000222589585	8621610150
0,000770200000	0,243390633	-0,000291545898	1201440060000000	0,000378131782	2626,93079	1201440060000000	0,628124314	0,478387485	0,0138748929	0,000000000000228075529	8619442950
0,000780200000	0,237013665	-0,000293276277	1169449970000000	0,000378707179	2623,44046	1169449970000000	0,627120962	0,464942227	0,0142325368	0,000000000000231106907	8617460150
0,000790200000	0,230891401	-0,000285006417	1138762970000000	0,000380426611	2612,00904	1138762970000000	0,626136644	0,450695614	0,0146114967	0,000000000000228140945	8615549040
0,000800200000	0,225188747	-0,000278876480	1110201600000000	0,000384007121	2587,96526	1110201600000000	0,625200353	0,435294775	0,0150211590	0,000000000000224598895	8613762290
0,000810200000	0,219502490	-0,000285564453	1081743870000000	0,000385095579	2581,06631	1081743870000000	0,624247199	0,422938085	0,0153498469	0,000000000000220971439	8611974330
0,000820200000	0,214968243	-0,000288252417	1059066970000000	0,000392078097	2535,18658	1059066970000000	0,623472535	0,406697710	0,0157818409	0,000000000000216620254	8610544060
0,000830200000	0,209852712	-0,000293759919	1033499380000000	0,000400658905	2480,97354	1033499380000000	0,622582311	0,388379506	0,0162691051	0,000000000000216857467	8608925590
0,000840200000	0,204267641	-0,000290627408	1005604940000000	0,000404461178	2457,95575	1005604940000000	0,621589823	0,374344487	0,0166424366	0,000000000000211791236	8607152740
0,000850200000	0,199236001	-0,000279104117	980492441000000	0,000405551602	2451,70714	980492441000000	0,620676441	0,364014776	0,0169172070	0,000000000000206112794	8605550370
0,000860200000	0,194067687	-0,000282681269	954715437000000	0,000406344785	2447,30154	954715437000000	0,619718332	0,353753005	0,0171901701	0,000000000000197816317	8603899380
0,000870200000	0,189503596	-0,000291718639	931966868000000	0,000405191413	2454,66461	931966868000000	0,618854665	0,346306883	0,0173882369	0,000000000000191304186	8602437140
0,000880200000	0,185458335	-0,000294198361	911815956000000	0,000402395965	2472,12534	911815956000000	0,618074784	0,341172843	0,0175248024	0,000000000000190613893	8601137800
0,000890200000	0,181397564	-0,000293015263	891598826000000	0,000407008064	2444,28021	891598826000000	0,617277734	0,329827876	0,0178265785	0,000000000000190293898	8599830350
0,000900200000	0,176985736	-0,000289166087	869646468000000	0,000413749434	2404,58925	869646468000000	0,616394989	0,316465381	0,0181820209	0,000000000000189614714	8598406370
0,000910200000	0,172520956	-0,000291601385	847443957000000	0,000417661935	2382,29186	847443957000000	0,615483038	0,305497017	0,0184737793	0,000000000000191556207	8596961620
0,000920200000	0,168532526	-0,000291353445	827621596000000	0,000418474906	2377,94579	827621596000000	0,614651820	0,297771603	0,0186792754	0,000000000000186185351	8595667920
0,000930200000	0,164419134	-0,000293725725	807189410000000	0,000416304559	2390,71718	807189410000000	0,613777424	0,291934333	0,0188345468	0,000000000000176946131	8594330670
0,000940200000	0,160327942	-0,000295775528	786878830000000	0,000414922759	2399,02697	786878830000000	0,612889692	0,285536405	0,0190047316	0,000000000000173213787	8592997640
0,000950200000	0,156987630	-0,000287857252	770304345000000	0,000415961053	2393,26325	770304345000000	0,612150939	0,278824263	0,0191832746	0,000000000000172904751	8591907090
0,000960200000	0,153578628	-0,000287652276	753396813000000	0,000422175150	2358,13351	753396813000000	0,611383505	0,268690304	0,0194528379	0,000000000000174684020	8590792130
0,000970200000	0,149956633	-0,000291624149	735441521000000	0,000428752408	2322,06805	735441521000000	0,610552560	0,258263158	0,0197302000	0,000000000000177772307	8589605350
0,000980200000	0,146064990	-0,000292218320	716159411000000	0,000428692333	2322,68506	716159411000000	0,609641068	0,251527151	0,0199093778	0,000000000000187398502	8588327790
0,000990200000	0,143018361	-0,000294443786	701071305000000	0,000431695557	2306,68331	701071305000000	0,608913373	0,244514994	0,0200959011	0,000000000000184061844	8587325920
0,00100020000	0,139800059	-0,000296363136	685139851000000	0,000434085067	2294,17005	685139851000000	0,608130606	0,237643132	0,0202786927	0,000000000000174557731	8586266000
0,00101020000	0,136479469	-0,000282490683	668709423000000	0,000430355161	2314,38099	668709423000000	0,607307154	0,233954451	0,0203768116	0,000000000000167221619	8585170710
0,00102020000	0,133867883	-0,000279165190	655792452000000	0,000428940295	2322,23741	655792452000000	0,606647771	0,230192119	0,0204768896	0,000000000000157305521	8584308130
0,00103020000	0,131062155	-0,000288494141	641920422000000	0,000436394802	2282,61901	641920422000000	0,605927365	0,221473876	0,0207087949	0,000000000000159456567	8583380300
0,00104020000	0,127715381	-0,000291423828	625380381000000	0,000443515479	2246,07282	625380381000000	0,605051086	0,212303109	0,0209527373	0,000000000000177179687	8582272110
0,00105020000	0,124890116	-0,000288686377	611423633000000	0,000447444921	2226,47733	611423633000000	0,604296359	0,205742268	0,0211272557	0,000000000000192650263	8581335400
0,00106020000	0,122280353	-0,000294597656	598536299000000	0,000453085879	2198,84150	598536299000000	0,603586460	0,198898199	0,0213093079	0,000000000000199236803	8580469210
0,00107020000	0,119200059	-0,000292090010	583331419000000	0,000446552575	2231,35470	583331419000000	0,602732129	0,196681565	0,0213682704	0,000000000000194343590	8579445750
0,00108020000	0,116330153	-0,000290171443	569170894000000	0,000435255343	2289,68509	569170894000000	0,601919403	0,196888095	0,0213627767	0,000000000000189299009	8578491160
0,00109020000	0,114234232	-0,000280356120	558832883000000	0,000434704065	2292,74900	558832883000000	0,601315204	0,193557113	0,0214513808	0,000000000000190754243	8577793420
0,00110020000	0,112078045	-0,000285373546	548200760000000	0,000438038912	2275,38985	548200760000000	0,600683875	0,188429036	0,0215877876	0,000000000000197468701	8577075110
0,00111020000	0,109886967	-0,000289398365	537399850000000	0,000443118149	2249,37841	537399850000000	0,600031818	0,182599207	0,0217428611	0,000000000000209965227	8576344680
0,00112020000	0,107541036	-0,000271260685	525839251000000	0,000453011573	2200,25995	525839251000000	0,599321478	0,174769075	0,0219511426	0,000000000000220703845	8575562110
0,00113020000	0,104587815	-0,000276198007	511291339000000	0,000459649506	2168,59095	511291339000000	0,598408511	0,167479834	0,0221450364	0,000000000000221421281	8574576230
0,00114020000	0,102040639	-0,000278131337	498748474000000	0,000455754297	2187,36499	498748474000000	0,597603485	0,164767553	0,0222171831	0,000000000000213512910	8573725310
0,00115020000	0,0993992536	-0,000288494141	485746411000000	0,000445884938	2236,11742	485746411000000	0,596750601	0,164024107	0,0222369588	0,000000000000198416249	8572842390
0,00116020000	0,0973667273	-0,000272391248	475744694000000	0,000443005921	2250,83532	475744694000000	0,596081194	0,161690799	0,0222990248	0,000000000000190944432	8572162660
0,00117020000	0,0956747067	-0,000270226276	467420721000000	0,000443320866	2249,35028	467420721000000	0,595514865	0,158748881	0,0223772798	0,000000000000202120575	8571596610
0,00118020000	0,0939816569	-0,000274252604	459093662000000	0,000450380689	2214,11004	459093662000000	0,594939647	0,153476689	0,0225175201	0,000000000000199321756	8571030050
0,00119020000	0,0918691159	-0,000283477552	448706161000000	0,000460832643	2163,89877	448706161000000	0,594209465	0,146601928	0,0227003887	0,000000000000194273877	8570322920
0,00120020000	0,0898046932	-0,000281352612	438558240000000	0,000474446926	2101,77462	438558240000000	0,593482022	0,139174773	0,0228979510	0,000000000000192968855	8569631720
0,00121020000	0,0878235237	-0,000271945011	428822331000000	0,000485684460	2053,14483	428822331000000	0,592770430	0,132936447	0,0230638905	0,000000000000170230125	8568968250
0,00122020000	0,0861366048	-0,000281007162	420534576000000	0,000479959175	2077,82229	420534576000000	0,592153678	0,131922324	0,0230908662	0,000000000000154021798	8568403240
0,00123020000	0,0841464304	-0,000289779091	410759474000000	0,000467032485	2135,62801	410759474000000	0,591412675	0,132422378	0,0230775647	0,000000000000138566465	8567736600
0,00124020000	0,0823889664	-0,000291525952	402129653000000	0,000461890780	2159,58452	402129653000000	0,590745775	0,131083398	0,0231131816	0,000000000000129246458	8567147870
0,00125020000	0,0806746803	-0,000283611328	393713915000000	0,000464441712	2147,81123	393713915000000	0,590083439	0,127635190	0,0232049039	0,0000000000000921854296	8566573600
0,00126020000	0,0793958196	-0,000284112129	387437086000000	0,000475346765	2098,50374	387437086000000	0,589581443	0,122718922	0,0233356767	0,0000000000000654556976	8566145210
0,00127020000	0,0778446827	-0,000285094714	379825412000000	0,000481858073	2070,18262	379825412000000	0,588963182	0,118682247	0,0234430522	0,0000000000000448592796	8565625640
0,00128020000	0,0759628504	-0,000297246352	370593207000000	0,000479380835	2081,03568	370593207000000	0,588198751	0,116395897	0,0235038691	0,0000000000000237846718	8564995360
0,00129020000	0,0743012941	-0,000287129379	362443714000000	0,000476628565	2093,19480	362443714000000	0,587510141	0,114493647	0,0235544690	-0,00000000000000936232312	8564438960
0,00130020000	0,0725457106	-0,000289243038	353835130000000	0,000472774464	2110,41809	353835130000000	0,586767999	0,112685444	0,0236025672	-0,0000000000000459843266	8563851180
0,00131020000	0,0711406143	-0,000283134956	346946721000000	0,000469319974	2126,08266	346946721000000	0,586162771	0,111304990	0,0236392873	-0,0000000000000824556291	8563380870
0,00132020000	0,0699548858	-0,000289376577	341134821000000	0,000464722987	2147,24024	341134821000000	0,585643944	0,110523030	0,0236600874	-0,000000000000106946699	8562984070
0,00133020000	0,0686665992	-0,000277449684	334821339000000	0,000459014137	2174,09020	334821339000000	0,585071543	0,109826704	0,0236786097	-0,000000000000121504069	8562553050
0,00134020000	0,0669504262	-0,000284304745	326412719000000	0,000454547598	2195,61384	326412719000000	0,584294395	0,108120635	0,0237239911	-0,000000000000138120054	8561979070
0,00135020000	0,0654771681	-0,000283497110	319195933000000	0,000462784830	2156,55515	319195933000000	0,583613329	0,103848235	0,0238376370	-0,000000000000131518192	8561486540
0,00136020000	0,0640097495	-0,000283272636	312009258000000	0,000475410811	2099,26665	312009258000000	0,582921585	0,0988141891	0,0239715426	-0,000000000000117523982	8560996170
0,00137020000	0,0628888049	-0,000281478605	306520450000000	0,000480104578	2078,77768	306520450000000	0,582383801	0,0961268013	0,0240430271	-0,0000000000000952786399	8560621730
0,00138020000	0,0614064542	-0,000286829545	299263334000000	0,000476162578	2096,12083	299263334000000	0,581659639	0,0946278849	0,0240828983	-0,0000000000000149500721	8560126790
0,00139020000	0,0596556679	-0,000282184889	290694023000000	0,000474024066	2105,71278	290694023000000	0,580784394	0,0923329251	0,0241439442	0,0000000000000365956051	8559542570
0,00140020000	0,0583642524	-0,000281441189	284374499000000	0,000468879504	2128,94584	284374499000000	0,580124262	0,0913167158	0,0241709754	0,0000000000000610532245	8559111920
0,00141020000	0,0575066878	-0,000272712675	280178664000000	0,000461482749	2163,18732	280178664000000	0,579678787	0,0914114239	0,0241684561	0,0000000000000610532245	8558826080
0,00142020000	0,0567001828	-0,000271017407	276233120000000	0,000452419715	2206,64989	276233120000000	0,579254480	0,0919295451	0,0241546741	0,0000000000000665023218	8558557360
0,00143020000	0,0557131638	-0,000277276869	271405095000000	0,000443350795	2251,92910	271405095000000	0,578727921	0,0921703824	0,0241482678	0,0000000000000522929682	8558228650
0,00144020000	0,0546689236	-0,000283924664	266297915000000	0,000454851307	2194,96912	266297915000000	0,578161817	0,0881493681	0,0242552268	0,0000000000000202411526	8557881060
0,00145020000	0,0533884339	-0,000291465164	260036328000000	0,000469595478	2126,02608	260036328000000	0,577454475	0,0833740699	0,0243822497	0,0000000000000215083578	8557455100
0,00146020000	0,0517768583	-0,000286576806	252157367000000	0,000467847952	2134,08735	252157367000000	0,576542624	0,0811498670	0,0244414135	-0,0000000000000577868562	8556919450
0,00147020000	0,0504137293	-0,000281283770	245494482000000	0,000462328230	2159,69668	245494482000000	0,575751518	0,0799488471	0,0244733607	-0,000000000000114315940	8556466800
0,00148020000	0,0490284818	-0,000275598508	238724820000000	0,000453173621	2203,48272	238724820000000	0,574927889	0,0793147274	0,0244902283	-0,000000000000115224713	8556007230
0,00149020000	0,0477333258	-0,000272507267	232396653000000	0,000446898254	2234,55439	232396653000000	0,574138895	0,0782964544	0,0245173143	-0,0000000000000910460802	8555577960
0,00150020000	0,0469917431	-0,000270459632	228773792000000	0,000447812956	2230,03275	228773792000000	0,573678506	0,0769184457	0,0245539693	-0,0000000000000695812798	8555332350
0,00151020000	0,0461138184	-0,000272380859	224485357000000	0,000456806862	2186,12447	224485357000000	0,573125020	0,0739905547	0,0246318512	-0,0000000000000566757469	8555041760
0,00152020000	0,0455043087	-0,000273220318	221508380000000	0,000476884292	2094,00040	221508380000000	0,572735196	0,0699355553	0,0247397142	-0,0000000000000331465414	8554840140
0,00153020000	0,0448061773	-0,000271702029	218098877000000	0,000491652933	2031,05679	218098877000000	0,572282913	0,0667906514	0,0248233687	-0,0000000000000320044818	8554609330
0,00154020000	0,0438974461	-0,000275402542	213661370000000	0,000503307829	1984,01712	213661370000000	0,571684649	0,0639165325	0,0248998202	-0,0000000000000427397821	8554309100
0,00155020000	0,0430761950	-0,000274359683	209651546000000	0,000499234062	2000,28392	209651546000000	0,571134351	0,0632287715	0,0249181147	-0,0000000000000646551489	8554037970
0,00156020000	0,0419812465	-0,000267782685	204306112000000	0,000480370021	2079,01596	204306112000000	0,570385817	0,0640363172	0,0248966340	-0,000000000000179587841	8553676800
0,00157020000	0,0410558665	-0,000266830958	199789155000000	0,000469194841	2128,65882	199789155000000	0,569739387	0,0641120353	0,0248946199	-0,000000000000237855130	8553371860
0,00158020000	0,0402158351	-0,000261809002	195689324000000	0,000457971751	2180,94394	195689324000000	0,569141113	0,0643352993	0,0248886810	-0,000000000000237855130	8553095280
0,00159020000	0,0392450288	-0,000268580366	190951858000000	0,000448944287	2224,91458	190951858000000	0,568435491	0,0640401473	0,0248965321	-0,000000000000388988698	8552775940
0,00160020000	0,0383922858	-0,000266309673	186791082000000	0,000441084572	2264,66139	186791082000000	0,567802548	0,0637610049	0,0249039573	-0,000000000000438170889	8552495710
0,00161020000	0,0374114148	-0,000266279543	182005768000000	0,000440485045	2267,81120	182005768000000	0,567058570	0,0622121007	0,0249451581	-0,000000000000520006357	8552173690
0,00162020000	0,0365286830	-0,000264952009	177699821000000	0,000449924598	2220,23882	177699821000000	0,566373751	0,0594659194	0,0250182065	-0,000000000000629539579	8551884200
0,00163020000	0,0358992339	-0,000263215863	174629719000000	0,000454332983	2198,71407	174629719000000	0,565876187	0,0578715044	0,0250606180	-0,000000000000727467704	8551677950
0,00164020000	0,0351523326	-0,000260225226	170987114000000	0,000454396553	2198,45482	170987114000000	0,565275383	0,0566564341	0,0250929389	-0,000000000000794304594	8551433430
0,00165020000	0,0343785809	-0,000256047746	167213977000000	0,000454794654	2196,57882	167213977000000	0,564640593	0,0553577090	0,0251274849	-0,000000000000786567476	8551180340
0,00166020000	0,0335035883	-0,000259469697	162947658000000	0,000457403361	2184,09536	162947658000000	0,563906850	0,0536376391	0,0251732388	-0,000000000000803937765	8550894450
0,00167020000	0,0329239912	-0,000259508934	160121937000000	0,000465247372	2147,27308	160121937000000	0,563411118	0,0518188523	0,0252216185	-0,000000000000727163625	8550705250
0,00168020000	0,0323036654	-0,000267362641	157097914000000	0,000460311123	2170,36288	157097914000000	0,562871627	0,0513854108	0,0252331481	-0,000000000000692942176	8550502910
0,00169020000	0,0316342448	-0,000270997396	153834865000000	0,000453119172	2204,88758	153834865000000	0,562278688	0,0511167486	0,0252402945	-0,000000000000633195227	8550284760
0,00170020000	0,0308548275	-0,000265694231	150036046000000	0,000454963565	2195,99141	150036046000000	0,561573644	0,0496523576	0,0252792473	-0,000000000000498289765	8550031020
0,00171020000	0,0301978426	-0,000263681481	146834286000000	0,000461527649	2164,77322	146834286000000	0,560966526	0,0479016680	0,0253258156	-0,000000000000377736531	8549817350
0,00172020000	0,0295347919	-0,000270801359	143603276000000	0,000451217550	2214,32459	143603276000000	0,560341357	0,0479180624	0,0253253795	-0,000000000000439147835	8549601930
0,00173020000	0,0288774902	-0,000263689453	140400589000000	0,000431434746	2315,98891	140400589000000	0,559708715	0,0489975873	0,0252966642	-0,000000000000220482767	8549388580
0,00174020000	0,0281508812	-0,000264467603	136860560000000	0,000418680846	2386,64243	136860560000000	0,558993717	0,0492171095	0,0252908249	-0,000000000000150338198	8549152990
0,00175020000	0,0275801940	-0,000267909735	134080443000000	0,000422856424	2363,09408	134080443000000	0,558420093	0,0477412063	0,0253300839	0,00000000000000216409695	8548968150
0,00176020000	0,0270678097	-0,000269779859	131584548000000	0,000435868208	2292,52978	131584548000000	0,557895640	0,0454538406	0,0253909278	0,00000000000000216409695	8548802330
0,00177020000	0,0264548640	-0,000268962891	128599049000000	0,000431449753	2316,06489	128599049000000	0,557256040	0,0448774752	0,0254062592	0,000000000000195291425	8548604150
0,00178020000	0,0256067513	-0,000272280221	124468553000000	0,000425963188	2345,97332	124468553000000	0,556347997	0,0439955200	0,0254297192	0,000000000000252177631	8548330280
0,00179020000	0,0249297824	-0,000270713333	121171932000000	0,000433932138	2302,90408	121171932000000	0,555602910	0,0420437166	0,0254816371	0,000000000000341381372	8548111960
0,00180020000	0,0242497500	-0,000272096636	117860721000000	0,000430797435	2319,71669	117860721000000	0,554835248	0,0411923786	0,0255042827	0,000000000000539066935	8547892910
0,00181020000	0,0239223398	-0,000270590495	116266614000000	0,000416211094	2401,08817	116266614000000	0,554458465	0,0420593211	0,0254812221	0,000000000000539066935	8547787550
0,00182020000	0,0234983479	-0,000270876667	114202380000000	0,000408324093	2447,52351	114202380000000	0,553963324	0,0421105616	0,0254798591	0,000000000000525894291	8547651190
0,00183020000	0,0227739746	-0,000270448964	110676015000000	0,000422074183	2367,78688	110676015000000	0,553097759	0,0394807694	0,0255498115	0,000000000000515275961	8547418490
0,00184020000	0,0224414533	-0,000268630369	109057373000000	0,000442121878	2260,37628	109057373000000	0,552691769	0,0371393167	0,0256120942	0,000000000000497013122	8547311770
0,00185020000	0,0219746530	-0,000277981324	106785222000000	0,000464262916	2152,53846	106785222000000	0,552112225	0,0346312403	0,0256788090	0,000000000000515821861	8547162070
0,00186020000	0,0213985345	-0,000280241500	103981180000000	0,000475319992	2102,46944	103981180000000	0,551380839	0,0329374174	0,0257238647	0,000000000000159245691	8546977510
0,00187020000	0,0206303008	-0,000280753096	100242457000000	0,000459846772	2173,31037	100242457000000	0,550376259	0,0328215769	0,0257269461	0,0000000000000832823161	8546731730
0,00188020000	0,0202568006	-0,000280580617	98424914100000	0,000470190767	2125,49326	98424914100000	0,549875081	0,0315175051	0,0257616344	0,0000000000000703463928	8546612380
0,00189020000	0,0199576084	-0,000283078052	96969044200000	0,000474205927	2107,50463	96969044200000	0,549467299	0,0307883929	0,0257810287	0,000000000000129100225	8546516840
0,00190020000	0,0194335370	-0,000286844542	94419065900000	0,000462580558	2160,53540	94419065900000	0,548738938	0,0307321686	0,0257825243	0,0000000000000443921364	8546349630
0,00191020000	0,0193527398	-0,000281716993	94025947500000	0,000460170814	2171,86105	94025947500000	0,548625001	0,0307644767	0,0257816649	0,0000000000000443921364	8546323870
0,00192020000	0,0189340145	-0,000281218427	91988717300000	0,000459124208	2176,84167	91988717300000	0,548027243	0,0301665229	0,0257975705	-0,0000000000000924997226	8546190430
0,00193020000	0,0186355909	-0,000280409484	90536869400000	0,000466183520	2143,87894	90536869400000	0,547593556	0,0292408128	0,0258221944	-0,000000000000323444658	8546095400
0,00194020000	0,0181765213	-0,000281201628	88303593100000	0,000445199104	2245,01642	88303593100000	0,546913423	0,0298637938	0,0258056231	-0,000000000000570341112	8545949340
0,00195020000	0,0177969599	-0,000279466433	86457221300000	0,000441456586	2264,08315	86457221300000	0,546338697	0,0294872422	0,0258156394	-0,00000000000121178376	8545828690
0,00196020000	0,0173935506	-0,000275898350	84494954300000	0,000442400081	2259,27801	84494954300000	0,545714993	0,0287565288	0,0258350763	-0,00000000000187606903	8545700570
0,00197020000	0,0167436242	-0,000275786506	81333820700000	0,000421888260	2369,21811	81333820700000	0,544680701	0,0290264964	0,0258278952	-0,00000000000254285663	8545494410
0,00198020000	0,0162279541	-0,000272930176	78825902600000	0,000413676090	2416,30552	78825902600000	0,543832569	0,0286899252	0,0258368480	-0,00000000000294170098	8545331050
0,00199020000	0,0158792625	-0,000275232181	77130178000000	0,000419725934	2381,48465	77130178000000	0,543244422	0,0276681049	0,0258640284	-0,00000000000287601114	8545220710
0,00200020000	0,0153676290	-0,000272143438	74642206900000	0,000419451807	2383,07446	74642206900000	0,542358788	0,0267931198	0,0258873030	-0,00000000000302619502	8545058970
0,00201020000	0,0151686242	-0,000273845703	73674537000000	0,000423673844	2359,32928	73674537000000	0,542006702	0,0261822307	0,0259035527	-0,00000000000295898292	8544996110
0,00202020000	0,0149819415	-0,000271389678	72766809400000	0,000440690527	2268,20113	72766809400000	0,541672388	0,0248611092	0,0259386945	-0,00000000000291313591	8544937170
0,00203020000	0,0145876569	-0,000272483732	70849719000000	0,000450238504	2220,10531	70849719000000	0,540953032	0,0236927997	0,0259697715	-0,00000000000275400426	8544812780
0,00204020000	0,0143654843	-0,000274994600	69769520100000	0,000450440003	2219,12597	69769520100000	0,540539463	0,0233211341	0,0259796578	-0,00000000000248985807	8544742750
0,00205020000	0,0141367903	-0,000276854878	68657651600000	0,000455208213	2195,88603	68657651600000	0,540107319	0,0227090904	0,0259959382	-0,00000000000221211595	8544670700
0,00206020000	0,0137893182	-0,000274492992	66968377000000	0,000445529528	2243,63148	66968377000000	0,539437759	0,0226315430	0,0259980010	-0,00000000000202419933	8544561300
0,00207020000	0,0135369732	-0,000276600110	65741627800000	0,000426892608	2341,63700	65741627800000	0,538941301	0,0231869007	0,0259832284	-0,00000000000202915123	8544481920
0,00208020000	0,0131324889	-0,000276769873	63775364100000	0,000415011919	2408,72270	63775364100000	0,538126721	0,0231373311	0,0259845470	-0,00000000000182573896	8544354790
0,00209020000	0,0127219276	-0,000276355305	61779679000000	0,000392941706	2544,08635	61779679000000	0,537274912	0,0236721882	0,0259703198	-0,00000000000174630630	8544225880
0,00210020000	0,0123794001	-0,000273277620	60114789300000	0,000376012203	2658,68966	60114789300000	0,536543809	0,0240713403	0,0259597023	-0,00000000000208758309	8544118440
0,00211020000	0,0120451647	-0,000272374171	58490285500000	0,000374987347	2665,97952	58490285500000	0,535811414	0,0234848619	0,0259753027	-0,00000000000268701441	8544013700
0,00212020000	0,0116917105	-0,000273872168	56772458400000	0,000372251266	2685,60302	56772458400000	0,535015319	0,0229626709	0,0259891930	-0,00000000000319884421	8543903040
0,00213020000	0,0114923151	-0,000274055717	55803414000000	0,000382734286	2612,03695	55803414000000	0,534555929	0,0219525151	0,0260160631	-0,00000000000334385529	8543840660
0,00214020000	0,0111253501	-0,000270053732	54020070300000	0,000399279239	2503,79456	54020070300000	0,533690023	0,0203703879	0,0260581477	-0,00000000000357743813	8543725950
0,00215020000	0,0107147127	-0,000271018812	52024605600000	0,000393620074	2539,82876	52024605600000	0,532687774	0,0198999709	0,0260706608	-0,00000000000320291188	8543597730
0,00216020000	0,0105542277	-0,000269420654	51244772500000	0,000392629492	2546,24861	51244772500000	0,532285961	0,0196511303	0,0260772799	-0,00000000000276825080	8543547660
0,00217020000	0,0103146016	-0,000268874571	50080409200000	0,000411770425	2427,87120	50080409200000	0,531674872	0,0183119082	0,0261129032	-0,00000000000284685075	8543472940
0,00218020000	0,0101111309	-0,000271822645	49091760400000	0,000418533778	2388,63993	49091760400000	0,531145111	0,0176603366	0,0261302350	-0,00000000000302947842	8543409530
0,00219020000	0,00996122738	-0,000271249777	48363409200000	0,000409194347	2443,18262	48363409200000	0,530748177	0,0177954168	0,0261266419	-0,00000000000290888481	8543362840
0,00220020000	0,00977149771	-0,000270933148	47441574100000	0,000414710410	2410,68941	47441574100000	0,530237412	0,0172240405	0,0261418405	-0,00000000000332253222	8543303780
0,00221020000	0,00934926927	-0,000268684219	45390195200000	0,000408043220	2450,11600	45390195200000	0,529065370	0,0167485328	0,0261544890	-0,00000000000325569227	8543172450
0,00222020000	0,00916928327	-0,000274157627	44515779800000	0,000404520529	2471,46915	44515779800000	0,528550074	0,0165689239	0,0261592666	-0,00000000000250941672	8543116520
0,00223020000	0,00906408258	-0,000270733059	44004700300000	0,000404271170	2473,00067	44004700300000	0,528244324	0,0163888009	0,0261640579	-0,00000000000250941672	8543083850
0,00224020000	0,00881218262	-0,000272296349	42780967500000	0,000380152319	2629,95409	42780967500000	0,527497980	0,0169439180	0,0261492918	-0,00000000000170426473	8543005650
0,00225020000	0,00845687081	-0,000272218099	41054936400000	0,000352278001	2838,11946	41054936400000	0,526409219	0,0175469138	0,0261332521	0,00000000000155815642	8542895440
0,00226020000	0,00820614958	-0,000272141325	39837039100000	0,000353728182	2826,49780	39837039100000	0,525613842	0,0169565804	0,0261489550	0,00000000000552905303	8542817750
0,00227020000	0,00802856537	-0,000273663168	38974437700000	0,000361660133	2764,50659	38974437700000	0,525036043	0,0162255753	0,0261683997	0,00000000000600764279	8542762760
0,00228020000	0,00785992115	-0,000274026548	38155282700000	0,000354884860	2817,30580	38155282700000	0,524475694	0,0161878096	0,0261694043	0,00000000000744432269	8542710560
0,00229020000	0,00763949056	-0,000274806623	37084616500000	0,000351385621	2845,38084	37084616500000	0,523725346	0,0158902485	0,0261773194	0,00000000000955753085	8542642380
0,00230020000	0,00733941537	-0,000275373658	35627160200000	0,000349768213	2858,56002	35627160200000	0,522669226	0,0153363408	0,0261920533	0,00000000000692104824	8542549640
0,00231020000	0,00711832018	-0,000273276407	34553348700000	0,000354932195	2816,97746	34553348700000	0,521863763	0,0146576933	0,0262101054	0,00000000000518768619	8542481370
0,00232020000	0,00690483398	-0,000276232856	33516525800000	0,000354044717	2824,05356	33516525800000	0,521062492	0,0142535079	0,0262208567	0,00000000000448695220	8542415490
0,00233020000	0,00673581355	-0,000278030971	32695679800000	0,000359328750	2782,52926	32695679800000	0,520410753	0,0136999596	0,0262355811	0,00000000000493799306	8542363370
0,00234020000	0,00663090714	-0,000282164569	32186213200000	0,000397630355	2514,46767	32186213200000	0,519998146	0,0121874048	0,0262758150	0,00000000000493799306	8542331030
0,00235020000	0,00646811692	-0,000280075498	31395655800000	0,000451507193	2214,38370	31395655800000	0,519345061	0,0104694958	0,0263215114	-0,000000000000814797267	8542280870
0,00236020000	0,00619014882	-0,000278269448	30045804600000	0,000488576952	2046,35786	30045804600000	0,518191796	0,00925916337	0,0263537063	-0,00000000000251117071	8542195280
0,00237020000	0,00606608448	-0,000274196688	29443349100000	0,000504831046	1980,46606	29443349100000	0,517660602	0,00878136516	0,0263664157	-0,0000000000104465064	8542157110
0,00238020000	0,00588332509	-0,000272252149	28555891000000	0,000497784869	2008,51699	28555891000000	0,516858382	0,00863723844	0,0263702495	-0,0000000000175094975	8542100900
0,00239020000	0,00588631771	-0,000273987234	28570422700000	0,000498803425	2004,41462	28570422700000	0,516871713	0,00862398757	0,0263706019	-0,0000000000175094975	8542101820
0,00240020000	0,00594928359	-0,000275686764	28876175000000	0,000496788925	2012,54013	28876175000000	0,517150687	0,00875162384	0,0263672068	-0,0000000000175094975	8542121180
0,00241020000	0,00588261917	-0,000274798447	28552463200000	0,000517904008	1930,47682	28552463200000	0,516855236	0,00830070907	0,0263792011	-0,0000000000175094975	8542100690
0,00242020000	0,00579220116	-0,000274494125	28113412900000	0,000546523180	1829,37143	28113412900000	0,516449222	0,00774507929	0,0263939809	-0,0000000000225297361	8542072890
0,00243020000	0,00559172704	-0,000271083315	27139975000000	0,000504530010	1981,67839	27139975000000	0,515526381	0,00809922237	0,0263845607	-0,0000000000312798351	8542011300
0,00244020000	0,00545299181	-0,000268702859	26466338100000	0,000420961933	2375,15634	26466338100000	0,514868535	0,00946611804	0,0263482013	-0,0000000000351379879	8541968700
0,00245020000	0,00532173462	-0,000265605957	25829024100000	0,000355000671	2816,54914	25829024100000	0,514230843	0,0109546803	0,0263086055	-0,0000000000351379879	8541928410
0,00246020000	0,00514683296	-0,000267096487	24979815400000	0,000315693533	3167,29331	24979815400000	0,513356673	0,0119136386	0,0262830972	-0,0000000000461344759	8541874760
0,00247020000	0,00501659531	-0,000268561436	24347480300000	0,000300805568	3324,07919	24347480300000	0,512686562	0,0121867818	0,0262758316	-0,0000000000318896450	8541834830
0,00248020000	0,00491194365	-0,000269443774	23839380300000	0,000301804064	3313,08735	23839380300000	0,512135588	0,0118929820	0,0262836467	-0,0000000000331739851	8541802750
0,00249020000	0,00460313297	-0,000266461938	22340102300000	0,000278240999	3593,70584	22340102300000	0,510439761	0,0120888480	0,0262784366	-0,0000000000152089642	8541708180
0,00250020000	0,00432074815	-0,000265529522	20969182000000	0,000260752368	3834,77360	20969182000000	0,508787999	0,0121080474	0,0262779259	0,0000000000124759921	8541621780
0,00251020000	0,00422108226	-0,000265695715	20485338400000	0,000274396623	3644,08347	20485338400000	0,508179513	0,0112404905	0,0263010030	0,0000000000217468000	8541591310
0,00252020000	0,00402841353	-0,000263902521	19550018100000	0,000270732034	3693,42539	19550018100000	0,506961979	0,0108724746	0,0263107922	0,0000000000283251072	8541532430
0,00253020000	0,00398174488	-0,000262848378	19323466700000	0,000267374410	3739,81286	19323466700000	0,506658427	0,0108814329	0,0263105539	0,0000000000283251072	8541518180
0,00254020000	0,00382587690	-0,000262339325	18566822400000	0,000292138282	3422,78569	18566822400000	0,505618536	0,00956907581	0,0263454626	0,0000000000323004548	8541470590
0,00255020000	0,00358348626	-0,000264942766	17390197800000	0,000347206874	2879,89212	17390197800000	0,503915257	0,00754114150	0,0263994056	0,0000000000268348742	8541396630
0,00256020000	0,00355003449	-0,000266982449	17227817800000	0,000386828123	2584,89442	17227817800000	0,503671301	0,00670553008	0,0264216329	0,0000000000268348742	8541386430
0,00257020000	0,00353839665	-0,000267628143	17171326200000	0,000389426158	2567,64864	17171326200000	0,503585897	0,00663895312	0,0264234038	0,0000000000254028102	8541382880
0,00258020000	0,00335559784	-0,000266922811	16284009200000	0,000387618199	2579,63774	16284009200000	0,502206726	0,00632525534	0,0264317482	-0,000000000000703621080	8541327150
0,00259020000	0,00330075464	-0,000266401279	16017801400000	0,000386810506	2585,02824	16017801400000	0,501778440	0,00623484308	0,0264341532	-0,0000000000201498144	8541310440
0,00260020000	0,00333709830	-0,000267362641	16194212500000	0,000429039392	2330,56902	16194212500000	0,502063036	0,00568307712	0,0264488301	-0,000000000000703621080	8541321520
0,00261020000	0,00331990717	-0,000268792276	16110767200000	0,000495437894	2018,19827	16110767200000	0,501928802	0,00489607299	0,0264697645	-0,0000000000102696367	8541316280
0,00262020000	0,00320652584	-0,000268263048	15560421900000	0,000473786408	2110,44487	15560421900000	0,501025880	0,00494492438	0,0264684650	-0,0000000000316393131	8541281740
0,00263020000	0,00304757142	-0,000267744179	14788883700000	0,000442526921	2259,54892	14788883700000	0,499705379	0,00503172133	0,0264661562	-0,0000000000757180200	8541233340
0,00264020000	0,00306158802	-0,000267387790	14856917200000	0,000421416482	2372,74792	14856917200000	0,499824528	0,00530808744	0,0264588049	-0,0000000000757180200	8541237610
0,00265020000	0,00287222366	-0,000266420084	13937796000000	0,000347209278	2879,91810	13937796000000	0,498167197	0,00604398899	0,0264392299	-0,0000000000948161758	8541179980
0,00266020000	0,00282938526	-0,000265779791	13729874000000	0,000316678078	3157,59444	13729874000000	0,497777283	0,00652783902	0,0264263595	-0,0000000000948161758	8541166950
0,00267020000	0,00283327246	-0,000267600601	13748741000000	0,000309680140	3228,95155	13748741000000	0,497812904	0,00668452360	0,0264221917	-0,0000000000948161758	8541168130
0,00268020000	0,00276958386	-0,000265139913	13439622100000	0,000299903124	3334,22744	13439622100000	0,497223081	0,00674725232	0,0264205231	-0,0000000000948161758	8541148770
0,00269020000	0,00261268429	-0,000264380097	12678107000000	0,000262444119	3810,16248	12678107000000	0,495710689	0,00727341637	0,0264065271	-0,000000000107453812	8541101070
0,00270020000	0,00244871103	-0,000266157871	11882278500000	0,000240283179	4161,59430	11882278500000	0,494030730	0,00744555783	0,0264019482	-0,0000000000799226243	8541051250
0,00271020000	0,00237262945	-0,000268045069	11513030400000	0,000243682328	4103,54649	11513030400000	0,493212995	0,00711355186	0,0264107795	-0,0000000000251740483	8541028150
0,00272020000	0,00232219438	-0,000269756075	11268255400000	0,000230979344	4329,23782	11268255400000	0,492656451	0,00734521344	0,0264046173	0,0000000000412232408	8541012840
0,00273020000	0,00219486441	-0,000271137831	10650296500000	0,000217029885	4607,51499	10650296500000	0,491196208	0,00738861508	0,0264034628	0,0000000000934164183	8540974190
0,00274020000	0,00203093173	-0,000271350835	9854714320000	0,000223627585	4471,58552	9854714320000	0,489187162	0,00663497895	0,0264235096	0,000000000152560519	8540924470
0,00275020000	0,00189148387	-0,000269442705	9177974740000	0,000240461956	4158,53635	9177974740000	0,487347121	0,00574673760	0,0264471368	0,000000000164994408	8540882190
0,00276020000	0,00180372693	-0,000269668419	8752098090000	0,000249949385	4000,69006	8752098090000	0,486118723	0,00527206781	0,0264597630	0,000000000158353675	8540855600
0,00277020000	0,00175920721	-0,000270304627	8536049930000	0,000260185961	3843,28787	8536049930000	0,485472648	0,00493962491	0,0264686060	0,000000000162700373	8540842120
0,00278020000	0,00169501686	-0,000275585162	8224545380000	0,000291963297	3424,97520	8224545380000	0,484511916	0,00424135404	0,0264871800	0,000000000119866989	8540822670
0,00279020000	0,00168632812	-0,000276015842	8182380700000	0,000381304904	2622,46085	8182380700000	0,484379102	0,00323093466	0,0265140571	0,0000000000845706344	8540820040
0,00280020000	0,00170131406	-0,000276169573	8255104460000	0,000543303516	1840,47853	8255104460000	0,484607752	0,00228770985	0,0265391469	0,000000000162700373	8540824580
0,00281020000	0,00163286000	-0,000274324671	7922911840000	0,000638088243	1567,07255	7922911840000	0,483546511	0,00186949783	0,0265502714	0,0000000000845706344	8540803850
0,00282020000	0,00160415276	-0,000276846461	7783602880000	0,000638639784	1565,72098	7783602880000	0,483088235	0,00183504021	0,0265511879	0,0000000000399235107	8540795160
0,00283020000	0,00160642830	-0,000276857531	7794645470000	0,000715041269	1398,41360	7794645470000	0,483124857	0,00164129310	0,0265563416	0,0000000000399235107	8540795850
0,00284020000	0,00163662116	-0,000279044576	7941163840000	0,000865336930	1155,51018	7941163840000	0,483605959	0,00138171923	0,0265632463	0,0000000000845706344	8540804990
0,00285020000	0,00161938119	-0,000278140533	7857502510000	0,000851698165	1174,01695	7857502510000	0,483332344	0,00138905583	0,0265630511	0,0000000000845706344	8540799770
0,00286020000	0,00161722874	-0,000278247824	7847057220000	0,000740365009	1350,57733	7847057220000	0,483297980	0,00159581234	0,0265575514	0,0000000000845706344	8540799120
0,00287020000	0,00151809019	-0,000275598508	7365966610000	0,000604340035	1654,59628	7365966610000	0,481663812	0,00183514026	0,0265511853	-0,0000000000803604161	8540769110
0,00288020000	0,00149532217	-0,000277216579	7255480970000	0,000533846777	1873,09684	7255480970000	0,481273534	0,00204630547	0,0265455683	-0,0000000000750036480	8540762220
0,00289020000	0,00146771478	-0,000281400243	7121512050000	0,000423301512	2362,28428	7121512050000	0,480792294	0,00253304717	0,0265326209	-0,0000000000603666688	8540753870
0,00290020000	0,00150060035	-0,000285119345	7281094190000	0,000346918933	2882,41764	7281094190000	0,481364534	0,00316001782	0,0265159435	-0,0000000000803604161	8540763820
0,00291020000	0,00147180308	-0,000286569879	7141351090000	0,000311645807	3208,67262	7141351090000	0,480864125	0,00345016592	0,0265082256	-0,0000000000603666688	8540755100
0,00292020000	0,00138487400	-0,000285159537	6719518190000	0,000327651036	3051,93499	6719518190000	0,479292251	0,00308778798	0,0265178648	-0,000000000127248266	8540728800
0,00293020000	0,00130257327	-0,000285545582	6320149880000	0,000371339541	2692,86598	6320149880000	0,477710819	0,00256257783	0,0265318354	-0,000000000554563702	8540703910
0,00294020000	0,00129485623	-0,000286741935	6282702810000	0,000356346502	2806,17068	6282702810000	0,477557467	0,00265457440	0,0265293883	-0,000000000501072786	8540701580
0,00295020000	0,00118847627	-0,000290083222	5766496740000	0,000294685295	3393,37090	5766496740000	0,475345462	0,00294628307	0,0265216289	-0,000000000288328432	8540669420
0,00296020000	0,00111901601	-0,000293159430	5429446930000	0,000253344431	3947,12034	5429446930000	0,473792040	0,00322674848	0,0265141685	-0,000000000283511911	8540648430
0,00297020000	0,00108171189	-0,000296027946	5248433410000	0,000236761438	4223,58806	5248433410000	0,472917635	0,00333764087	0,0265112188	-0,000000000283511911	8540637160
0,00298020000	0,00112683919	-0,000297193404	5467408080000	0,000274012465	3649,39333	5467408080000	0,473971729	0,00300422222	0,0265200877	-0,000000000283511911	8540650790
0,00299020000	0,00111795125	-0,000298187551	5424280330000	0,000299832291	3335,12272	5424280330000	0,473767488	0,00272385890	0,0265275454	-0,000000000283511911	8540648110
0,00300020000	0,00104875818	-0,000300921118	5088530570000	0,000336939457	2967,82170	5088530570000	0,472119840	0,00227384784	0,0265395156	-0,000000000290690009	8540627200
0,00301020000	0,00103538852	-0,000300660346	5023656570000	0,000438561784	2280,11077	5023656570000	0,471789022	0,00172468601	0,0265541234	-0,000000000290690009	8540623160
0,00302020000	0,000968390310	-0,000303853981	4698560980000	0,000500532915	1997,80536	4698560980000	0,470064353	0,00141336102	0,0265624046	-0,000000000172655704	8540602930
0,00303020000	0,000886260664	-0,000304633179	4300047530000	0,000502581984	1989,66529	4300047530000	0,467780132	0,00128821165	0,0265657336	-0,0000000000869841759	8540578130
0,00304020000	0,000899552457	-0,000306840803	4364542280000	0,000480661291	2080,40639	4364542280000	0,468163769	0,00136716345	0,0265636335	-0,0000000000869841759	8540582140
0,00305020000	0,000880664063	-0,000307537109	4272891610000	0,000625869261	1597,71832	4272891610000	0,467616880	0,00102791958	0,0265726573	-0,0000000000869841759	8540576440
0,00306020000	0,000920963434	-0,000305600153	4468433400000	0,00119501253	836,749182	4468433400000	0,468770020	0,000562993930	0,0265850244	-0,000000000172655704	8540588610
0,00307020000	0,000870187365	-0,000305126005	4222056460000	0,00162106441	616,819860	4222056460000	0,467308478	0,000392143163	0,0265895690	-0,0000000000869841759	8540573280
0,00308020000	0,000907946042	-0,000305701642	4405269900000	0,00169140947	591,161628	4405269900000	0,468403130	0,000392143163	0,0265895690	-0,0000000000869841759	8540584680
0,00309020000	0,000915697651	-0,000306360975	4442882540000	0,00170585090	586,155930	4442882540000	0,468622233	0,000392143163	0,0265895690	-0,000000000172655704	8540587020
0,00310020000	0,000920411347	-0,000310186078	4465754540000	0,00171463263	583,153222	4465754540000	0,468754565	0,000392143163	0,0265895690	-0,000000000172655704	8540588440
0,00311020000	0,000939772400	-0,000311523663	4559699220000	0,0000208457896	47971,2546	4559699220000	0,469291115	0,0329335638	0,0257239672	-0,000000000172655704	8540594290
