Time_(s)	Photoconductance_Signal_(V)	Reference_Voltage_(V)	Apparent_Carrier_Density_(cm-3)	Tau_(s)	Inverse_Tau_Auger_Corrected_(s-1)	Minority_Carrier_Density_(cm-3)	Implied_Voc_(V)	Implied_Suns_(suns)	Photogeneration_(A/cm2)	Jo_(A/cm2)	ni_(cm-3)
0,000512800000	2,25692174	0,406215914	18074082900000000	0,0000427138313	21593,8345	18074082900000000	0,758602641	50,9681197	-1,32915198	0,000000000000126291517	9481343820
0,000561200000	2,23710759	0,399238792	17895064500000000	0,0000430298398	21444,0094	17895064500000000	0,758223354	50,0926966	-1,30586573	0,000000000000125081549	9478507460
0,000609600000	2,21255508	0,390957615	17673748600000000	0,0000433978474	21274,1588	17673748600000000	0,757749905	49,0536531	-1,27822717	0,000000000000125081549	9474991160
0,000658000000	2,18104470	0,381437494	17390545800000000	0,0000437682341	21113,8084	17390545800000000	0,757136563	47,8591586	-1,24645362	0,000000000000124038613	9470475690
0,000706400000	2,14633953	0,371509999	17079709600000000	0,0000441345972	20961,9400	17079709600000000	0,756453402	46,6135507	-1,21332045	0,000000000000122868440	9465498970
0,000754800000	2,11115646	0,362380065	16765747500000000	0,0000444148107	20856,9097	16765747500000000	0,755752434	45,4680132	-1,18284915	0,000000000000121759836	9460450090
0,000803200000	2,07821873	0,353762378	16472874300000000	0,0000447019977	20747,4062	16472874300000000	0,755088311	44,3867476	-1,15408749	0,000000000000120705676	9455720180
0,000851600000	2,04571990	0,345510091	16184899900000000	0,0000449695430	20648,6552	16184899900000000	0,754425343	43,3513289	-1,12654535	0,000000000000119672030	9451050280
0,000900000000	2,01296983	0,337076388	15895699100000000	0,0000452710423	20534,8303	15895699100000000	0,753749294	42,2931479	-1,09839773	0,000000000000119672030	9446341300
0,000948400000	1,98034833	0,329034991	15608630500000000	0,0000455398827	20438,2360	15608630500000000	0,753067725	41,2841895	-1,07155944	0,000000000000118742764	9441647930
0,000996800000	1,94767354	0,320903641	15322089000000000	0,0000458366140	20329,6153	15322089000000000	0,752376621	40,2639449	-1,04442093	0,000000000000117829796	9436944060
0,00104520000	1,91452082	0,313072513	15032374100000000	0,0000460947886	20241,1110	15032374100000000	0,751666530	39,2813693	-1,01828442	0,000000000000117067727	9432168580
0,00109360000	1,88124291	0,305033324	14742595100000000	0,0000463976349	20132,9877	14742595100000000	0,750944483	38,2726880	-0,991453501	0,000000000000116298835	9427372320
0,00114200000	1,84808737	0,297421665	14454906600000000	0,0000466564704	20046,4439	14454906600000000	0,750215551	37,3176493	-0,966049472	0,000000000000115492425	9422591050
0,00119040000	1,81512050	0,289911056	14169868300000000	0,0000469213206	19957,9721	14169868300000000	0,749481019	36,3752894	-0,940982697	0,000000000000114731128	9417834480
0,00123880000	1,78365026	0,282697893	13898711600000000	0,0000471977358	19863,8874	13898711600000000	0,748770467	35,4702500	-0,916908651	0,000000000000112131610	9413291600
0,00128720000	1,75174187	0,275715890	13624717600000000	0,0000474389324	19787,0225	13624717600000000	0,748040375	34,5942145	-0,893606107	0,000000000000109916137	9408683350
0,00133560000	1,72100654	0,268709635	13361688500000000	0,0000477361396	19685,2213	13361688500000000	0,747327637	33,7151361	-0,870222621	0,000000000000107210065	9404242600
0,00138400000	1,68992937	0,262075239	13096622800000000	0,0000479736233	19611,0089	13096622800000000	0,746597193	32,8827150	-0,848080220	0,000000000000106106399	9399750650
0,00143240000	1,65912289	0,255455096	12834747100000000	0,0000482327402	19527,9812	12834747100000000	0,745863081	32,0520823	-0,825985388	0,000000000000104999000	9395296170
0,00148080000	1,62908368	0,249158291	12580237500000000	0,0000484710793	19454,0055	12580237500000000	0,745137309	31,2620190	-0,804969704	0,000000000000103889546	9390951140
0,00152920000	1,59927241	0,242868655	12328482300000000	0,0000487312264	19371,3719	12328482300000000	0,744407007	30,4728551	-0,783977947	0,000000000000102751112	9386637770
0,00157760000	1,56915508	0,236874725	12074973900000000	0,0000489369244	19312,6442	12074973900000000	0,743658702	29,7207936	-0,763973110	0,000000000000101671731	9382278900
0,00162600000	1,53978475	0,230949304	11828557500000000	0,0000491682012	19243,1225	11828557500000000	0,742918433	28,9773280	-0,744196925	0,000000000000100594032	9378027120
0,00167440000	1,51140196	0,225303510	11591180200000000	0,0000493888475	19177,7331	11591180200000000	0,742192833	28,2689474	-0,725354000	0,0000000000000996018427	9373917470
0,00172280000	1,48274159	0,219703986	11352232200000000	0,0000496035231	19115,5988	11352232200000000	0,741449582	27,5663722	-0,706665499	0,0000000000000986719335	9369766930
0,00177120000	1,45492702	0,214230521	11121056600000000	0,0000498349356	19046,5079	11121056600000000	0,740717766	26,8796137	-0,688397723	0,0000000000000981418420	9365738350
0,00181960000	1,42722338	0,208942878	10891507900000000	0,0000500414209	18987,9215	10891507900000000	0,739978221	26,2161703	-0,670750131	0,0000000000000966136046	9361725460
0,00186800000	1,40050000	0,203707238	10670747600000000	0,0000502872146	18913,4029	10670747600000000	0,739254415	25,5592519	-0,653276100	0,0000000000000958810784	9357854360
0,00191640000	1,37359978	0,198699567	10449186200000000	0,0000504841144	18858,9567	10449186200000000	0,738515104	24,9309369	-0,636562921	0,0000000000000950263386	9353957570
0,00196480000	1,34662351	0,193790650	10227662700000000	0,0000506655511	18811,0033	10227662700000000	0,737762513	24,3150125	-0,620179333	0,0000000000000943704632	9350049860
0,00201320000	1,32103179	0,189076419	10018123000000000	0,0000508648988	18755,2701	10018123000000000	0,737037810	23,7235156	-0,604445514	0,0000000000000935947915	9346342930
0,00206160000	1,29589521	0,184463563	9812891600000000	0,0000510687938	18697,8415	9812891600000000	0,736315446	23,1447382	-0,589050035	0,0000000000000927982072	9342702310
0,00211000000	1,27127444	0,179969764	9612429730000000	0,0000512746639	18639,6905	9612429730000000	0,735597401	22,5808989	-0,574051911	0,0000000000000920049496	9339136880
0,00215840000	1,24666246	0,175573801	9412591210000000	0,0000514657940	18587,5637	9412591210000000	0,734868843	22,0293352	-0,559380316	0,0000000000000912000754	9335573360
0,00220680000	1,22264911	0,171264239	9218144350000000	0,0000516708979	18530,0899	9218144350000000	0,734147247	21,4886121	-0,544997082	0,0000000000000903325562	9332097280
0,00225520000	1,19910427	0,167091722	9028000090000000	0,0000518687535	18475,3895	9028000090000000	0,733429030	20,9650844	-0,531071244	0,0000000000000893536891	9328689900
0,00230360000	1,17564559	0,163089813	8839052330000000	0,0000520293096	18434,8052	8839052330000000	0,732702516	20,4629627	-0,517714808	0,0000000000000885687003	9325296000
0,00235200000	1,15247089	0,159127247	8652882140000000	0,0000522017944	18389,8395	8652882140000000	0,731973685	19,9657775	-0,504489682	0,0000000000000875328417	9321944330
0,00240040000	1,12974301	0,155331492	8470774310000000	0,0000523519411	18352,9469	8470774310000000	0,731247775	19,4895222	-0,491821291	0,0000000000000865510778	9318658550
0,00244880000	1,10730516	0,151544386	8291449300000000	0,0000525242413	18307,9748	8291449300000000	0,730519903	19,0143521	-0,479181766	0,0000000000000854223834	9315416070
0,00249720000	1,08534848	0,147908709	8116410880000000	0,0000526792363	18269,1425	8116410880000000	0,729796429	18,5581818	-0,467047635	0,0000000000000843822864	9312244610
0,00254560000	1,06431473	0,144302679	7949138950000000	0,0000528828543	18212,3992	7949138950000000	0,729092572	18,1057313	-0,455012453	0,0000000000000833831565	9309207980
0,00259400000	1,04287249	0,140862587	7779029820000000	0,0000530150248	18181,8056	7779029820000000	0,728363756	17,6741013	-0,443531093	0,0000000000000822772480	9306114050
0,00264240000	1,02230038	0,137414302	7616213930000000	0,0000532079334	18129,1878	7616213930000000	0,727653393	17,2414431	-0,432022387	0,0000000000000810074139	9303147420
0,00269080000	1,00206150	0,134190897	7456407910000000	0,0000533427985	18097,0818	7456407910000000	0,726943497	16,8370008	-0,421264222	0,0000000000000795745118	9300230660
0,00273920000	0,981882174	0,130988981	7297439730000000	0,0000534816680	18063,6685	7297439730000000	0,726224366	16,4352549	-0,410577780	0,0000000000000783521521	9297324410
0,00278760000	0,961906030	0,127878727	7140433380000000	0,0000536037855	18036,0826	7140433380000000	0,725500906	16,0450096	-0,400197256	0,0000000000000769888991	9294449480
0,00283600000	0,942364692	0,124871084	6987191980000000	0,0000537167818	18011,4290	6987191980000000	0,724781613	15,6676392	-0,390159202	0,0000000000000756657447	9291639250
0,00288440000	0,923232526	0,121882375	6837491970000000	0,0000538548865	17977,8829	6837491970000000	0,724065845	15,2926442	-0,380184336	0,0000000000000743426122	9288890050
0,00293280000	0,904325438	0,119046979	6689876230000000	0,0000539471984	17960,0477	6689876230000000	0,723346840	14,9368857	-0,370721160	0,0000000000000728397046	9286175460
0,00298120000	0,885897853	0,116155049	6546313100000000	0,0000541038130	17919,8907	6546313100000000	0,722634472	14,5740337	-0,361069297	0,0000000000000712643033	9283532030
0,00302960000	0,867917560	0,113480057	6406528380000000	0,0000541966450	17901,3260	6406528380000000	0,721927920	14,2384011	-0,352141469	0,0000000000000694738834	9280955110
0,00307800000	0,850282147	0,110672665	6269706500000000	0,0000543846119	17850,3212	6269706500000000	0,721223470	13,8861563	-0,342771757	0,0000000000000676314524	9278430000
0,00312640000	0,832804704	0,108156587	6134385170000000	0,0000544486677	17841,2690	6134385170000000	0,720513695	13,5704626	-0,334374306	0,0000000000000656807563	9275929970
0,00317480000	0,815585829	0,105583531	6001333340000000	0,0000545658291	17814,1570	6001333340000000	0,719802637	13,2476200	-0,325786692	0,0000000000000640002339	9273469470
0,00322320000	0,798629740	0,103113636	5870571360000000	0,0000546554486	17796,1724	5870571360000000	0,719090535	12,9377209	-0,317543377	0,0000000000000620564492	9271049110
0,00327160000	0,781814414	0,100684392	5741148860000000	0,0000547401328	17779,7658	5741148860000000	0,718372209	12,6329225	-0,309435739	0,0000000000000612759862	9268651530
0,00332000000	0,765968290	0,0983125347	5619417310000000	0,0000548721003	17746,9827	5619417310000000	0,717683772	12,3353243	-0,301519627	0,0000000000000591840501	9266394710
0,00336840000	0,750519593	0,0960439262	5500954740000000	0,0000549841301	17720,6666	5500954740000000	0,717001412	12,0506808	-0,293948110	0,0000000000000570891954	9264197020
0,00341680000	0,735129970	0,0938900680	5383156980000000	0,0000550410339	17712,5829	5383156980000000	0,716310235	11,7804351	-0,286759575	0,0000000000000551115137	9262010310
0,00346520000	0,719553211	0,0917400508	5264141970000000	0,0000550855651	17708,6890	5264141970000000	0,715598566	11,5106714	-0,279583858	0,0000000000000526958091	9259799770
0,00351360000	0,704204283	0,0894880538	5147079320000000	0,0000552160061	17676,3840	5147079320000000	0,714884915	11,2281122	-0,272067783	0,0000000000000499990592	9257624410
0,00356200000	0,689062762	0,0874002367	5031804200000000	0,0000552688358	17669,4572	5031804200000000	0,714168346	10,9661527	-0,265099661	0,0000000000000454817460	9255481320
0,00361040000	0,674459279	0,0853716103	4920818670000000	0,0000553341293	17658,0731	4920818670000000	0,713464918	10,7116199	-0,258329088	0,0000000000000422535877	9253417230
0,00365880000	0,660029758	0,0833922667	4811341670000000	0,0000553872257	17650,5480	4811341670000000	0,712757482	10,4632706	-0,251722998	0,0000000000000394550069	9251380570
0,00370720000	0,645973245	0,0814686574	4704872770000000	0,0000554404206	17642,7254	4704872770000000	0,712055989	10,2219144	-0,245302922	0,0000000000000363448969	9249399410
0,00375560000	0,632220332	0,0795872287	4600873450000000	0,0000554965643	17633,7300	4600873450000000	0,711357356	9,98585052	-0,239023624	0,0000000000000333256447	9247463860
0,00380400000	0,618530670	0,0777340419	4497519330000000	0,0000555432106	17627,7648	4497519330000000	0,710649346	9,75333023	-0,232838584	0,0000000000000300259444	9245540090
0,00385240000	0,605298190	0,0759467917	4397775020000000	0,0000555895000	17621,5944	4397775020000000	0,709952531	9,52908303	-0,226873609	0,0000000000000263680187	9243683410
0,00390080000	0,592324280	0,0741971966	4300130660000000	0,0000556369543	17614,8624	4300130660000000	0,709256937	9,30956043	-0,221034307	0,0000000000000226511719	9241865830
0,00394920000	0,579662047	0,0724888286	4204976040000000	0,0000556880019	17606,7549	4204976040000000	0,708565714	9,09521062	-0,215332602	0,0000000000000191474947	9240094700
0,00399760000	0,567078059	0,0708307560	4110550270000000	0,0000557118114	17607,3623	4110550270000000	0,707866164	8,88717139	-0,209798759	0,0000000000000150982329	9238337340
0,00404600000	0,554311182	0,0692107275	4014895580000000	0,0000556890785	17623,0560	4014895580000000	0,707143049	8,68390559	-0,204391889	0,0000000000000107060330	9236557420
0,00409440000	0,542435263	0,0676305141	3926045930000000	0,0000557290809	17617,9171	3926045930000000	0,706457750	8,48563539	-0,199117901	0,00000000000000646547076	9234904500
0,00414280000	0,531055495	0,0660736258	3841025390000000	0,0000558069427	17600,2797	3841025390000000	0,705789147	8,29029182	-0,193921762	0,00000000000000160669673	9233323240
0,00419120000	0,519304118	0,0645877375	3753348780000000	0,0000557876469	17614,0876	3753348780000000	0,705085922	8,10385666	-0,188962587	-0,00000000000000341774636	9231693110
0,00423960000	0,507564850	0,0631161678	3665884470000000	0,0000557580200	17631,1846	3665884470000000	0,704369874	7,91921804	-0,184051200	-0,00000000000000839569633	9230067550
0,00428800000	0,496366066	0,0616681153	3582560640000000	0,0000557701826	17634,4696	3582560640000000	0,703673608	7,73753014	-0,179218302	-0,0000000000000137714768	9228519630
0,00433640000	0,485483930	0,0602785977	3501698990000000	0,0000557679734	17642,1470	3501698990000000	0,702984141	7,56318666	-0,174580765	-0,0000000000000193438795	9227018150
0,00438480000	0,474681838	0,0589104492	3421535590000000	0,0000557568101	17652,6280	3421535590000000	0,702286623	7,39152436	-0,170014548	-0,0000000000000249875022	9225530410
0,00443320000	0,464292281	0,0575677530	3344530850000000	0,0000557731432	17653,9802	3344530850000000	0,701602858	7,22305559	-0,165533279	-0,0000000000000308317340	9224102110
0,00448160000	0,454173383	0,0562724277	3269623760000000	0,0000557790767	17658,4835	3269623760000000	0,700924223	7,06053045	-0,161210110	-0,0000000000000369761866	9222713540
0,00453000000	0,444049655	0,0550080193	3194771320000000	0,0000557548899	17672,6527	3194771320000000	0,700232180	6,90188448	-0,156990127	-0,0000000000000429571889	9221326880
0,00457840000	0,433952846	0,0537585406	3120207950000000	0,0000557192498	17690,4788	3120207950000000	0,699528355	6,74511174	-0,152819972	-0,0000000000000487510279	9219946530
0,00462680000	0,423986284	0,0525515963	3046694570000000	0,0000556560266	17717,1171	3046694570000000	0,698819653	6,59367583	-0,148791777	-0,0000000000000554640910	9218586640
0,00467520000	0,414533649	0,0513640650	2977052800000000	0,0000556411814	17727,8206	2977052800000000	0,698134094	6,44467566	-0,144828372	-0,0000000000000593271062	9217299380
0,00472360000	0,404958048	0,0502027452	2906585340000000	0,0000555808015	17753,3126	2906585340000000	0,697425699	6,29896427	-0,140952449	-0,0000000000000658064681	9215997910
0,00477200000	0,395977532	0,0490812834	2840570520000000	0,0000555595676	17765,7687	2840570520000000	0,696748016	6,15825388	-0,137209553	-0,0000000000000730143708	9214779700
0,00482040000	0,386839555	0,0479827476	2773471100000000	0,0000554891055	17794,2850	2773471100000000	0,696044611	6,02042003	-0,133543173	-0,0000000000000813221433	9213542580
0,00486880000	0,377820623	0,0469138525	2707317860000000	0,0000553996909	17828,9422	2707317860000000	0,695336045	5,88630521	-0,129975719	-0,0000000000000898376935	9212324030
0,00491720000	0,369271752	0,0458737075	2644678540000000	0,0000553449810	17852,0509	2644678540000000	0,694650655	5,75579768	-0,126504218	-0,0000000000000992776337	9211171310
0,00496560000	0,361158781	0,0448614571	2585292590000000	0,0000553229738	17864,2216	2585292590000000	0,693987261	5,62879011	-0,123125817	-0,000000000000109329113	9210079500
0,00501400000	0,352701684	0,0438547026	2523449260000000	0,0000552392277	17896,8060	2523449260000000	0,693281683	5,50247209	-0,119765758	-0,000000000000120327086	9208943640
0,00506240000	0,344480292	0,0428667370	2463389800000000	0,0000551673223	17925,4242	2463389800000000	0,692581382	5,37851154	-0,116468407	-0,000000000000131660418	9207841700
0,00511080000	0,336695491	0,0419205302	2406574490000000	0,0000551114368	17948,5491	2406574490000000	0,691904581	5,25979048	-0,113310427	-0,000000000000143629620	9206800380
0,00515920000	0,328861256	0,0409838359	2349452120000000	0,0000550329999	17979,1725	2349452120000000	0,691209403	5,14226297	-0,110184195	-0,000000000000156049730	9205754570
0,00520760000	0,321070622	0,0400671667	2292701100000000	0,0000549323272	18017,1972	2292701100000000	0,690503426	5,02724802	-0,107124797	-0,000000000000169055933	9204716710
0,00525600000	0,313666544	0,0391713243	2238815320000000	0,0000548680099	18043,0146	2238815320000000	0,689818273	4,91484621	-0,104134909	-0,000000000000181706708	9203732380
0,00530440000	0,306677360	0,0383098704	2187993210000000	0,0000548282620	18060,4449	2187993210000000	0,689158213	4,80675915	-0,101259793	-0,000000000000195373726	9202805060
0,00535280000	0,299455169	0,0374657967	2135521800000000	0,0000547190098	18101,2089	2135521800000000	0,688461942	4,70085279	-0,0984426842	-0,000000000000208990106	9201848740
0,00540120000	0,292314642	0,0366422442	2083688680000000	0,0000545908629	18148,3976	2083688680000000	0,687758671	4,59752124	-0,0956940649	-0,000000000000223622494	9200905190
0,00544960000	0,285310842	0,0358237281	2032891480000000	0,0000544769277	18190,9068	2032891480000000	0,687053801	4,49482159	-0,0929622544	-0,000000000000248087666	9199981640
0,00549800000	0,278450902	0,0350381292	1983179330000000	0,0000543363262	18242,5090	1983179330000000	0,686348233	4,39625209	-0,0903403056	-0,000000000000264100514	9199078950
0,00554640000	0,271889292	0,0342708048	1935667690000000	0,0000542220197	18285,2229	1935667690000000	0,685658610	4,29997550	-0,0877793484	-0,000000000000273603479	9198217300
0,00559480000	0,265269666	0,0335261586	1887774170000000	0,0000540549459	18346,1688	1887774170000000	0,684947564	4,20654437	-0,0852940803	-0,000000000000290723158	9197349820
0,00564320000	0,258941042	0,0327985957	1842021970000000	0,0000539148930	18397,9869	1842021970000000	0,684252677	4,11525668	-0,0828658276	-0,000000000000308619042	9196522200
0,00569160000	0,252370330	0,0320764926	1794556710000000	0,0000537080648	18473,3120	1794556710000000	0,683514803	4,02465402	-0,0804557970	-0,000000000000327754554	9195664720
0,00574000000	0,246104549	0,0313603754	1749329400000000	0,0000535500073	18531,9783	1749329400000000	0,682794812	3,93480244	-0,0780657448	-0,000000000000348003618	9194848790
0,00578840000	0,239974733	0,0306596031	1705116750000000	0,0000533896144	18591,7019	1705116750000000	0,682074192	3,84687617	-0,0757269061	-0,000000000000368473502	9194052240
0,00583680000	0,234182637	0,0299899165	1663370180000000	0,0000532454923	18645,8171	1663370180000000	0,681377755	3,76285025	-0,0734918167	-0,000000000000388186776	9193301140
0,00588520000	0,228448033	0,0293176925	1622066890000000	0,0000531138969	18695,7264	1622066890000000	0,680672623	3,67850596	-0,0712482586	-0,000000000000408541908	9192558990
0,00593360000	0,222786125	0,0286465836	1581315410000000	0,0000529925552	18742,1663	1581315410000000	0,679960428	3,59430159	-0,0690084222	-0,000000000000429923459	9191827760
0,00598200000	0,217093770	0,0280011358	1540373040000000	0,0000528103995	18810,5968	1540373040000000	0,679227549	3,51331691	-0,0668542298	-0,000000000000453271499	9191094110
0,00603040000	0,211648780	0,0273690032	1501236350000000	0,0000526573843	18868,8124	1501236350000000	0,678509882	3,43400291	-0,0647444774	-0,000000000000475999382	9190393800
0,00607880000	0,206315438	0,0267647118	1462927260000000	0,0000524722098	18938,9513	1462927260000000	0,677790340	3,35818216	-0,0627276454	-0,000000000000499395403	9189709240
0,00612720000	0,201171330	0,0261641218	1426000970000000	0,0000523218212	18996,7344	1426000970000000	0,677079967	3,28282582	-0,0607231667	-0,000000000000525753253	9189050310
0,00617560000	0,195997841	0,0255804924	1388887090000000	0,0000521227396	19072,7525	1388887090000000	0,676348485	3,20959754	-0,0587752945	-0,000000000000553152326	9188388950
0,00622400000	0,191094803	0,0250202929	1353734960000000	0,0000519410170	19142,7320	1353734960000000	0,675638638	3,13930902	-0,0569056199	-0,000000000000584180275	9187763410
0,00627240000	0,186044210	0,0244541481	1317546890000000	0,0000517228843	19226,8652	1317546890000000	0,674889633	3,06827454	-0,0550161027	-0,000000000000615007758	9187120350
0,00632080000	0,181140405	0,0239097021	1282431880000000	0,0000514907634	19316,8713	1282431880000000	0,674144191	2,99996263	-0,0531990059	-0,000000000000645854158	9186497250
0,00636920000	0,176439459	0,0233796632	1248789190000000	0,0000512767008	19400,6750	1248789190000000	0,673411830	2,93345837	-0,0514299925	-0,000000000000677198168	9185901120
0,00641760000	0,171932414	0,0228707881	1216552290000000	0,0000510644716	19484,3395	1216552290000000	0,672692480	2,86960954	-0,0497316138	-0,000000000000712540380	9185330700
0,00646600000	0,167607696	0,0223759420	1185636150000000	0,0000508673714	19562,7233	1185636150000000	0,671985564	2,80752095	-0,0480800574	-0,000000000000750391592	9184784380
0,00651440000	0,163299994	0,0218854818	1154857860000000	0,0000506572507	19646,7575	1154857860000000	0,671264350	2,74598266	-0,0464431388	-0,000000000000770109259	9184241240
0,00656280000	0,159049014	0,0214013024	1124500720000000	0,0000504415854	19733,6143	1124500720000000	0,670535034	2,68523242	-0,0448271823	-0,000000000000834702358	9183706270
0,00661120000	0,154765858	0,0209344178	1093929750000000	0,0000501646444	19845,5319	1093929750000000	0,669781556	2,62665217	-0,0432689477	-0,000000000000880987637	9183168270
0,00665960000	0,150889241	0,0204664230	1066274230000000	0,0000500145263	19907,5992	1066274230000000	0,669082592	2,56793262	-0,0417070078	-0,000000000000926917192	9182682240
0,00670800000	0,146907120	0,0200127658	1037879700000000	0,0000497862134	20001,5831	1037879700000000	0,668346874	2,51101202	-0,0401929198	-0,000000000000969879652	9182183890
0,00675640000	0,142879123	0,0195667543	1009172100000000	0,0000495125890	20114,9023	1009172100000000	0,667583400	2,45505073	-0,0387043494	-0,00000000000101261645	9181680730
0,00680480000	0,139154556	0,0191387138	982639644000000	0,0000492890816	20208,6284	982639644000000	0,666859233	2,40134426	-0,0372757574	-0,00000000000105857297	9181216330
0,00685320000	0,135338295	0,0187110993	955466523000000	0,0000490213608	20321,6217	955466523000000	0,666098074	2,34769126	-0,0358485875	-0,00000000000110644673	9180741350
0,00690160000	0,131817429	0,0182871463	930407975000000	0,0000488423642	20398,4009	930407975000000	0,665377684	2,29449765	-0,0344336375	-0,00000000000115990613	9180303920
0,00695000000	0,128387569	0,0178763937	906007516000000	0,0000486542836	20479,5131	906007516000000	0,664658244	2,24296031	-0,0330627443	-0,00000000000121682963	9179878520
0,00699840000	0,124931936	0,0174689009	881434062000000	0,0000484388071	20572,9224	881434062000000	0,663914799	2,19183199	-0,0317027309	-0,00000000000127918181	9179450650
0,00704680000	0,121254178	0,0170750852	855292479000000	0,0000480862561	20726,3868	855292479000000	0,663101888	2,14241973	-0,0303883647	-0,00000000000134417303	9178996090
0,00709520000	0,117782601	0,0166965752	830627235000000	0,0000477582013	20871,2222	830627235000000	0,662312830	2,09492788	-0,0291250815	-0,00000000000141136225	9178567800
0,00714360000	0,114290208	0,0163221051	805824683000000	0,0000473951157	21033,6275	805824683000000	0,661496460	2,04794292	-0,0278752818	-0,00000000000147922293	9178137700
0,00719200000	0,111092695	0,0159579426	783125639000000	0,0000471111533	21162,6300	783125639000000	0,660727968	2,00225127	-0,0266598837	-0,00000000000154305038	9177744610
0,00724040000	0,108122517	0,0156017444	762048420000000	0,0000468898238	21264,5191	762048420000000	0,659995028	1,95755889	-0,0254710666	-0,00000000000161230250	9177380050
0,00728880000	0,105225237	0,0152390429	741495898000000	0,0000467111173	21347,7637	741495898000000	0,659261365	1,91205055	-0,0242605445	-0,00000000000168771880	9177025000
0,00733720000	0,102446031	0,0149039741	721787829000000	0,0000464918319	21450,3240	721787829000000	0,658539274	1,87000930	-0,0231422474	-0,00000000000176658375	9176684930
0,00738560000	0,0996148319	0,0145766064	701717967000000	0,0000462141916	21581,1587	701717967000000	0,657784186	1,82893431	-0,0220496526	-0,00000000000184911998	9176339030
0,00743400000	0,0968180428	0,0142474975	681898882000000	0,0000459463040	21708,9143	681898882000000	0,657017864	1,78764084	-0,0209512463	-0,00000000000188854110	9175997850
0,00748240000	0,0940474473	0,0139383040	662272125000000	0,0000456137454	21869,1728	662272125000000	0,656237545	1,74884618	-0,0199193084	-0,00000000000197317921	9175660390
0,00753080000	0,0913569565	0,0136284757	643219213000000	0,0000453086286	22018,3402	643219213000000	0,655458422	1,70997185	-0,0188852513	-0,00000000000205529281	9175333180
0,00757920000	0,0885865148	0,0133137930	623606704000000	0,0000449653695	22188,4033	623606704000000	0,654632806	1,67048846	-0,0178349930	-0,00000000000214804834	9174996770
0,00762760000	0,0860697396	0,0130179086	605795735000000	0,0000446739326	22334,9173	605795735000000	0,653861008	1,63336369	-0,0168474742	-0,00000000000224975771	9174691620
0,00767600000	0,0836811696	0,0127221657	588897156000000	0,0000444372937	22455,4787	588897156000000	0,653108196	1,59625667	-0,0158604275	-0,00000000000235718761	9174402420
0,00772440000	0,0812323377	0,0124354411	571577388000000	0,0000441248293	22616,2283	571577388000000	0,652314618	1,56028119	-0,0149034796	-0,00000000000246277911	9174106330
0,00777280000	0,0790684878	0,0121536529	556277541000000	0,0000439393765	22713,1116	556277541000000	0,651593979	1,52492508	-0,0139630071	-0,00000000000257059838	9173845050
0,00782120000	0,0767580615	0,0118788896	539945795000000	0,0000436358568	22872,7285	539945795000000	0,650803229	1,49045039	-0,0130459804	-0,00000000000267118694	9173566440
0,00786960000	0,0744450203	0,0116100548	523600213000000	0,0000432947004	23054,6260	523600213000000	0,649988235	1,45671954	-0,0121487399	-0,00000000000283462756	9173287900
0,00791800000	0,0721689255	0,0113289855	507520259000000	0,0000430062480	23210,8400	507520259000000	0,649162024	1,42145364	-0,0112106667	-0,00000000000296168984	9173014180
0,00796640000	0,0700025427	0,0110777448	492219571000000	0,0000426556649	23403,1811	492219571000000	0,648351895	1,38993033	-0,0103721468	-0,00000000000310283119	9172753990
0,00801480000	0,0677706005	0,0108145959	476460117000000	0,0000422946512	23604,5564	476460117000000	0,647491467	1,35691291	-0,00949388353	-0,00000000000324321102	9172486300
0,00806320000	0,0658954223	0,0105601002	463223072000000	0,0000421105909	23708,9657	463223072000000	0,646747084	1,32498121	-0,00864450011	-0,00000000000339169236	9172261670
0,00811160000	0,0638522394	0,0103125768	448803547000000	0,0000417790228	23898,5886	448803547000000	0,645912258	1,29392431	-0,00781838671	-0,00000000000355274830	9172017210
0,00816000000	0,0620165519	0,0100824223	435851488000000	0,0000414994980	24060,8520	435851488000000	0,645139802	1,26504671	-0,00705024239	-0,00000000000372494452	9171797840
0,00820840000	0,0601505830	0,00984830295	422688774000000	0,0000412029685	24235,3315	422688774000000	0,644331503	1,23567164	-0,00626886556	-0,00000000000388673005	9171575110
0,00825680000	0,0584345879	0,00962684631	410586657000000	0,0000409439734	24389,8297	410586657000000	0,643566361	1,20788536	-0,00552975053	-0,00000000000404891500	9171370510
0,00830520000	0,0565623203	0,00939967010	397385342000000	0,0000405852686	24606,7572	397385342000000	0,642706194	1,17938144	-0,00477154637	-0,00000000000422246472	9171147530
0,00835360000	0,0550118392	0,00919141776	386455239000000	0,0000403632275	24743,1822	386455239000000	0,641972617	1,15325191	-0,00407650093	-0,00000000000439196171	9170963080
0,00840200000	0,0532662201	0,00897281151	374152012000000	0,0000400302897	24950,2323	374152012000000	0,641122212	1,12582328	-0,00334689914	-0,00000000000457664849	9170755630
0,00845040000	0,0515429100	0,00876068791	362008617000000	0,0000396688756	25178,8092	362008617000000	0,640255591	1,09920802	-0,00263893330	-0,00000000000475504465	9170551050
0,00849880000	0,0498954137	0,00855418161	350401857000000	0,0000393239491	25400,8620	350401857000000	0,639400245	1,07329757	-0,00194971529	-0,00000000000491298646	9170355690
0,00854720000	0,0484594488	0,00835504914	340287278000000	0,0000390990222	25547,9701	340287278000000	0,638631920	1,04831231	-0,00128510754	-0,00000000000501548917	9170185580
0,00859560000	0,0469763580	0,00816072449	329842635000000	0,0000388013886	25745,0003	329842635000000	0,637814664	1,02393030	-0,000636545967	-0,00000000000520100310	9170010060
0,00864400000	0,0453946940	0,00796237705	318705896000000	0,0000384252367	25998,1902	318705896000000	0,636914809	0,999043544	0,0000254417285	-0,00000000000541354220	9169823060
0,00869240000	0,0439753742	0,00777545584	308714097000000	0,0000381153397	26210,5910	308714097000000	0,636080806	0,975590444	0,000649294199	-0,00000000000562723826	9169655420
0,00874080000	0,0426543682	0,00759407015	299415983000000	0,0000378503210	26395,0425	299415983000000	0,635280543	0,952831889	0,00125467176	-0,00000000000581816964	9169499530
0,00878920000	0,0413169912	0,00740669401	290004182000000	0,0000375879854	26580,1948	290004182000000	0,634445237	0,929321708	0,00188004257	-0,00000000000602989854	9169341850
0,00883760000	0,0400272488	0,00723020070	280929081000000	0,0000373005760	26785,9215	280929081000000	0,633614187	0,907177002	0,00246909175	-0,00000000000623298944	9169189920
0,00888600000	0,0387414807	0,00704904788	271883381000000	0,0000370272445	26984,5576	271883381000000	0,632759129	0,884447664	0,00307369214	-0,00000000000645900714	9169038590
0,00893440000	0,0374801554	0,00687301188	263011037000000	0,0000367363557	27199,1270	263011037000000	0,631892820	0,862360337	0,00366121504	-0,00000000000665747882	9168890270
0,00898280000	0,0363402967	0,00670005158	254994294000000	0,0000365360429	27349,0193	254994294000000	0,631084946	0,840658919	0,00423847276	-0,00000000000688862698	9168756330
0,00903120000	0,0351900879	0,00653124930	246905901000000	0,0000362914567	27534,1374	246905901000000	0,630244093	0,819479210	0,00480185302	-0,00000000000715348061	9168621290
0,00907960000	0,0339314342	0,00636199113	238056227000000	0,0000359216005	27818,5648	238056227000000	0,629292422	0,798242300	0,00536675482	-0,00000000000740594426	9168473630
0,00912800000	0,0326905423	0,00619345147	229332783000000	0,0000355469706	28112,6629	229332783000000	0,628319559	0,777095542	0,00592925858	-0,00000000000791560109	9168328190
0,00917640000	0,0316472403	0,00604271548	221999425000000	0,0000352686549	28335,2557	221999425000000	0,627473056	0,758182619	0,00643234232	-0,00000000000829304915	9168206000
0,00922480000	0,0306993917	0,00588683319	215337828000000	0,0000351162223	28458,8759	215337828000000	0,626679828	0,738623989	0,00695260189	-0,00000000000877231101	9168095060
0,00927320000	0,0295973436	0,00573369799	207593477000000	0,0000347574640	28753,4379	207593477000000	0,625726639	0,719410036	0,00746369304	-0,00000000000938317776	9167966180
0,00932160000	0,0287178329	0,00559580183	201413705000000	0,0000345538055	28923,5151	201413705000000	0,624940483	0,702108134	0,00792392363	-0,00000000000963433181	9167863380
0,00937000000	0,0277729917	0,00545480835	194775643000000	0,0000342787000	29156,3187	194775643000000	0,624069025	0,684417610	0,00839449159	-0,0000000000101553900	9167753030
0,00941840000	0,0269755847	0,00531692501	189173996000000	0,0000341562430	29261,3653	189173996000000	0,623310483	0,667117316	0,00885467939	-0,0000000000107126412	9167659950
0,00946680000	0,0260567425	0,00518970977	182719972000000	0,0000337996451	29570,7770	182719972000000	0,622408485	0,651155555	0,00927926224	-0,0000000000113088194	9167552760
0,00951520000	0,0252346388	0,00507054666	176946067000000	0,0000335008112	29835,1626	176946067000000	0,621574425	0,636204098	0,00967697099	-0,0000000000115359066	9167456910
0,00956360000	0,0244991184	0,00494322064	171780762000000	0,0000333605900	29961,0504	171780762000000	0,620805136	0,620228437	0,0101019236	-0,0000000000119893925	9167371210
0,00961200000	0,0236254449	0,00482271000	165645866000000	0,0000329730140	30313,8943	165645866000000	0,619861130	0,605107905	0,0105041297	-0,0000000000124774904	9167269460
0,00966040000	0,0228795073	0,00471073978	160408450000000	0,0000326894279	30577,4218	160408450000000	0,619027422	0,591058944	0,0108778321	-0,0000000000129485754	9167182640
0,00970880000	0,0220832219	0,00460129677	154818061000000	0,0000323005987	30946,1283	154818061000000	0,618107244	0,577327073	0,0112430999	-0,0000000000135291485	9167090020
0,00975720000	0,0214031352	0,00448530306	150043891000000	0,0000321140972	31126,3140	150043891000000	0,617294972	0,562773282	0,0116302307	-0,0000000000135005582	9167010950
0,00980560000	0,0207437239	0,00436503036	145415244000000	0,0000319809868	31256,2995	145415244000000	0,616482629	0,547682605	0,0120316427	-0,0000000000137806953	9166934320
0,00985400000	0,0199354169	0,00425660245	139741958000000	0,0000315161331	31717,9676	139741958000000	0,615451248	0,534078098	0,0123935226	-0,0000000000137584650	9166840440
0,00990240000	0,0192898907	0,00415836141	135211594000000	0,0000312148240	32024,6197	135211594000000	0,614597382	0,521751746	0,0127214036	-0,0000000000138087758	9166765500
0,00995080000	0,0186417230	0,00405037286	130663054000000	0,0000309689864	32279,3021	130663054000000	0,613711054	0,508202367	0,0130818170	-0,0000000000137396681	9166690300
0,00999920000	0,0180192922	0,00393796392	126295467000000	0,0000307882655	32469,1995	126295467000000	0,612830696	0,494098359	0,0134569836	-0,0000000000135403289	9166618110
0,0100476000	0,0174868673	0,00383002989	122559717000000	0,0000307195449	32542,1658	122559717000000	0,612053384	0,480555820	0,0138172152	-0,0000000000133944629	9166556380
0,0100960000	0,0169024161	0,00373272118	118459207000000	0,0000304657914	32813,6384	118459207000000	0,611172626	0,468346447	0,0141419845	-0,0000000000133984858	9166488660
0,0101444000	0,0163220635	0,00363833333	114387747000000	0,0000301818749	33122,7420	114387747000000	0,610267636	0,456503555	0,0144570054	-0,0000000000134190208	9166421430
0,0101928000	0,0158925545	0,00353637273	111374718000000	0,0000302341509	33065,7035	111374718000000	0,609577073	0,443710506	0,0147973006	-0,0000000000133890921	9166371700
0,0102412000	0,0153032725	0,00343075066	107241131000000	0,0000300083022	33314,9757	107241131000000	0,608598872	0,430458050	0,0151498159	-0,0000000000136535054	9166303490
0,0102896000	0,0148130573	0,00333475098	103802691000000	0,0000298823257	33455,7463	103802691000000	0,607756202	0,418412921	0,0154702163	-0,0000000000140160555	9166246770
0,0103380000	0,0143577574	0,00324303184	100609337000000	0,0000297821651	33568,5557	100609337000000	0,606948376	0,406904874	0,0157763304	-0,0000000000140160555	9166194110
0,0103864000	0,0138976657	0,00316300931	97382557500000	0,0000295562885	33825,4279	97382557500000	0,606105784	0,396864406	0,0160434068	-0,0000000000145940013	9166140910
0,0104348000	0,0134197252	0,00308049763	94030793000000	0,0000293034269	34117,6600	94030793000000	0,605200646	0,386511623	0,0163187908	-0,0000000000153486750	9166085670
0,0104832000	0,0130762434	0,00299902532	91622100900000	0,0000293284631	34088,7285	91622100900000	0,604530150	0,376289250	0,0165907059	-0,0000000000153486750	9166045980
0,0105316000	0,0126897221	0,00291482654	88911712900000	0,0000292829923	34141,8989	88911712900000	0,603754386	0,365724786	0,0168717207	-0,0000000000156474600	9166001330
0,0105800000	0,0122702977	0,00283684593	85970746200000	0,0000290927074	34365,5030	85970746200000	0,602885558	0,355940518	0,0171319822	-0,0000000000167088272	9165952900
0,0106284000	0,0118872412	0,00276249939	83284921400000	0,0000289423227	34544,3283	83284921400000	0,602065877	0,346612219	0,0173801150	-0,0000000000173164170	9165908670
0,0106768000	0,0115074667	0,00269225278	80622234200000	0,0000287480364	34778,0573	80622234200000	0,601226876	0,337798342	0,0176145641	-0,0000000000178748789	9165864840
0,0107252000	0,0111494364	0,00262696433	78112115200000	0,0000285452214	35025,4154	78112115200000	0,600410307	0,329606566	0,0178324654	-0,0000000000176871475	9165823530
0,0107736000	0,0107851609	0,00255397539	75558325300000	0,0000284010769	35203,4276	75558325300000	0,599552281	0,320448606	0,0180760671	-0,0000000000167900353	9165781510
0,0108220000	0,0104256649	0,00247616368	73038155700000	0,0000283165045	35308,7988	73038155700000	0,598676772	0,310685531	0,0183357649	-0,0000000000165079552	9165740050
0,0108704000	0,0100266794	0,00239915687	70241284800000	0,0000281062557	35573,2070	70241284800000	0,597669214	0,301023447	0,0185927763	-0,0000000000166437191	9165694050
0,0109188000	0,00967366200	0,00232891049	67766762700000	0,0000279340004	35792,8140	67766762700000	0,596743900	0,292209597	0,0188272247	-0,0000000000155725393	9165653360
0,0109672000	0,00943643081	0,00226031017	66103920300000	0,0000280755562	35612,4577	66103920300000	0,596103002	0,283602280	0,0190561793	-0,0000000000142078537	9165626020
0,0110156000	0,00912639843	0,00219793503	63930860600000	0,0000279231810	35807,0061	63930860600000	0,595240815	0,275776039	0,0192643574	-0,0000000000109143812	9165590300
0,0110640000	0,00875602809	0,00214068450	61334993000000	0,0000275058359	36350,6062	61334993000000	0,594171767	0,268592785	0,0194554319	-0,00000000000847365086	9165547640
0,0111124000	0,00848818269	0,00207865200	59457780800000	0,0000274597197	36411,8204	59457780800000	0,593370214	0,260809536	0,0196624664	-0,00000000000601463212	9165516800
0,0111608000	0,00820976378	0,00201511138	57506529300000	0,0000273960086	36496,6743	57506529300000	0,592509866	0,252837061	0,0198745342	-0,00000000000370600996	9165484740
0,0112092000	0,00805143380	0,00195773559	56396930600000	0,0000276548065	36155,1795	56396930600000	0,592007552	0,245638092	0,0200660268	-0,00000000000370600996	9165466510
0,0112576000	0,00779387738	0,00190325917	54591985500000	0,0000275359555	36311,4060	54591985500000	0,591169026	0,238802907	0,0202478427	-0,00000000000157037037	9165436870
0,0113060000	0,00760132533	0,00184876290	53242626000000	0,0000276469636	36165,7029	53242626000000	0,590523902	0,231965233	0,0204297248	0,00000000000000276806014	9165414710
0,0113544000	0,00735027823	0,00179865010	51483395200000	0,0000274782890	36387,8818	51483395200000	0,589657901	0,225677553	0,0205969771	0,00000000000185853951	9165385830
0,0114028000	0,00708458709	0,00174815745	49621604700000	0,0000272495574	36693,5149	49621604700000	0,588708678	0,219342214	0,0207654971	0,00000000000408333682	9165355260
0,0114512000	0,00692926616	0,00169663931	48533245100000	0,0000274611675	36410,8207	48533245100000	0,588137200	0,212878207	0,0209374397	0,00000000000975542897	9165337400
0,0114996000	0,00673677528	0,00164523922	47184458600000	0,0000275320858	36317,1354	47184458600000	0,587410981	0,206429012	0,0211089883	0,00000000000975542897	9165315260
0,0115480000	0,00656929063	0,00159741311	46010917200000	0,0000276511270	36160,8675	46010917200000	0,586762075	0,200428245	0,0212686087	0,0000000000123578092	9165296000
0,0115964000	0,00643144086	0,00155008198	45045041500000	0,0000278972578	35841,8752	45045041500000	0,586215494	0,194489584	0,0214265771	0,0000000000149138883	9165280150
0,0116448000	0,00625062542	0,00150389949	43778142000000	0,0000279452312	35780,4462	43778142000000	0,585480573	0,188695042	0,0215807119	0,0000000000194034683	9165259360
0,0116932000	0,00605326734	0,00145521018	42395367400000	0,0000279680296	35751,3935	42395367400000	0,584653822	0,182585970	0,0217432132	0,0000000000271047622	9165236680
0,0117416000	0,00581793869	0,00140329084	40746598900000	0,0000278748710	35871,0281	40746598900000	0,583632141	0,176071624	0,0219164948	0,0000000000373731547	9165209630
0,0117900000	0,00560300502	0,00135776409	39240764500000	0,0000277448470	36039,2795	39240764500000	0,582662338	0,170359359	0,0220684411	0,0000000000400760758	9165184930
0,0118384000	0,00539920151	0,00131041423	37812945500000	0,0000277013606	36095,9818	37812945500000	0,581707859	0,164418347	0,0222264720	0,0000000000506716681	9165161510
0,0118868000	0,00525162370	0,00126400161	36779058300000	0,0000279332951	35796,3318	36779058300000	0,580994000	0,158594933	0,0223813748	0,0000000000538667824	9165144560
0,0119352000	0,00504090275	0,00121945573	35302841500000	0,0000277915529	35979,0422	35302841500000	0,579939238	0,153005738	0,0225300474	0,0000000000783456556	9165120360
0,0119836000	0,00492651265	0,00117552278	34501491600000	0,0000281757842	35488,4243	34501491600000	0,579348087	0,147493448	0,0226766743	0,0000000000883601188	9165107220
0,0120320000	0,00487068292	0,00113490607	34110385400000	0,0000288533271	34655,0358	34110385400000	0,579054577	0,142397249	0,0228122332	0,0000000000883601188	9165100810
0,0120804000	0,00469337641	0,00109787867	32868311100000	0,0000287403621	34791,3666	32868311100000	0,578099668	0,137751401	0,0229358127	0,000000000122461942	9165080450
0,0121288000	0,00456552008	0,00106286384	31972664100000	0,0000288782177	34625,3462	31972664100000	0,577388476	0,133358073	0,0230526753	0,000000000140160775	9165065760
0,0121772000	0,00443698051	0,00103143620	31072245200000	0,0000289200779	34575,3010	31072245200000	0,576653163	0,129414830	0,0231575655	0,000000000158446997	9165051010
0,0122256000	0,00438850816	0,00100135600	30732700300000	0,0000294633014	33937,8043	30732700300000	0,576370343	0,125640652	0,0232579586	0,000000000177126237	9165045440
0,0122740000	0,00431689967	0,000973475677	30231092500000	0,0000298124679	33540,3326	30231092500000	0,575946776	0,122142494	0,0233510097	0,000000000177126237	9165037220
0,0123224000	0,00424810786	0,000949168487	29749219200000	0,0000300885635	33232,5800	29749219200000	0,575533215	0,119092658	0,0234321353	0,000000000193286741	9165029320
0,0123708000	0,00411803675	0,000887002844	28838107800000	0,0000312112340	32037,1846	28838107800000	0,574732661	0,111292703	0,0236396141	0,000000000207162860	9165014390
0,0124192000	0,00390360103	0,000798035483	27336077900000	0,0000328838906	30407,5950	27336077900000	0,573356084	0,100129923	0,0239365441	0,000000000236498695	9164989780
0,0124676000	0,00366494964	0,000706810317	25664474500000	0,0000348576969	28685,7805	25664474500000	0,571732372	0,0886838540	0,0242410095	0,000000000267670337	9164962390
0,0125160000	0,00340060163	0,000610834295	23812940100000	0,0000374247406	26718,1637	23812940100000	0,569805769	0,0766416933	0,0245613310	0,000000000298542070	9164932060
0,0125644000	0,00307332564	0,000510829734	21520732300000	0,0000404436245	24723,8458	21520732300000	0,567201944	0,0640940695	0,0248950978	0,000000000347823006	9164894520
0,0126128000	0,00276333674	0,000409473651	19349687000000	0,0000453646094	22041,8736	19349687000000	0,564466571	0,0513768697	0,0252333753	0,000000000397777460	9164858970
0,0126612000	0,00250417200	0,000312975346	17534659000000	0,0000537844076	18591,1654	17534659000000	0,561933274	0,0392691777	0,0255554399	0,000000000505396045	9164829250
0,0127096000	0,00222492253	0,000217595442	15579035200000	0,0000687321546	14547,8182	15579035200000	0,558892205	0,0273018120	0,0258737718	0,000000000622280565	9164797240
0,0127580000	0,00189954375	0,000121363028	13300446500000	0,000105208059	9503,76231	13300446500000	0,554826224	0,0152274816	0,0261949490	0,000000000709243154	9164759940
0,0128064000	0,00157336277	0,0000267014667	11016332200000	0,000396069224	2523,79982	11016332200000	0,549982079	0,00335024676	0,0265108834	0,000000000596241142	9164722550
0,0128548000	0,00128267456	-0,0000643433686	8980837170000	0,108175197	8,41375478	8980837170000	0,544730706	0,0000100000000	0,0265997340	0,000000000172361264	9164689240
0,0129032000	0,00100795585	-0,000154046761	7057233160000	0,0850051693	11,1056712	7057233160000	0,538535297	0,0000100000000	0,0265997340	-0,000000000000487248965	9164657760
0,0129516000	0,000763474685	-0,000214985442	5345410060000	0,0643860671	15,0275901	5345410060000	0,531395483	0,0000100000000	0,0265997340	-0,00000000000106912651	9164629750
0,0130000000	0,000571477171	-0,000247757342	4001106500000	0,0481937790	20,3684606	4001106500000	0,523951769	0,0000100000000	0,0265997340	-0,00000000000198494328	9164607740
0,0130484000	0,000406876554	-0,000273489313	2848652440000	0,0343123400	28,8692160	2848652440000	0,515222384	0,0000100000000	0,0265997340	   NaN	9164588880
0,0130968000	0,000270367471	-0,000295702175	1892899560000	0,0228001887	43,6738004	1892899560000	0,504720414	0,0000100000000	0,0265997340	   NaN	9164573220
0,0131452000	0,000178474070	-0,000310665022	1249527420000	0,0150506987	66,3176644	1249527420000	0,494049182	0,0000100000000	0,0265997340	   NaN	9164562680
0,0131936000	0,0000778540541	-0,000322782607	545066122000	0,00656538291	152,257935	545066122000	0,472735277	0,0000100000000	0,0265997340	   NaN	9164551120
0,0132420000	0,00000451471681	-0,000329476914	31607962400	0,000380721472	2626,58839	31607962400	0,399582227	0,0000100000000	0,0265997340	   NaN	9164542620
0,0132904000	-0,0000372341580	-0,000338606952	-260679213000	-0,00313991052	   NaN	-260679213000	   NaN	0,0000100000000	0,0265997340	   NaN	   NaN
0,0133388000	-0,0000571365406	-0,000343722767	-400016836000	-0,00481824791	   NaN	-400016836000	   NaN	0,0000100000000	0,0265997340	   NaN	   NaN
0,0133872000	-0,0000809004031	-0,000343348439	-566388434000	-0,00682221256	   NaN	-566388434000	   NaN	0,0000100000000	0,0265997340	   NaN	   NaN
0,0134356000	-0,000110245792	-0,000342731255	-771835806000	-0,00929684933	   NaN	-771835806000	   NaN	0,0000100000000	0,0265997340	   NaN	   NaN
0,0134840000	-0,000119547470	-0,000340875436	-836956801000	-0,0100812391	   NaN	-836956801000	   NaN	0,0000100000000	0,0265997340	   NaN	   NaN
0,0135324000	-0,000132106171	-0,000341120553	-924880067000	-0,0111402847	   NaN	-924880067000	   NaN	0,0000100000000	0,0265997340	   NaN	   NaN
0,0135808000	-0,000196597072	-0,000341663513	-1376377700000	-0,0165786246	   NaN	-1376377700000	   NaN	0,0000100000000	0,0265997340	   NaN	   NaN
0,0136292000	-0,000219339984	-0,000343544517	-1535598840000	-0,0184964613	   NaN	-1535598840000	   NaN	0,0000100000000	0,0265997340	   NaN	   NaN
0,0136776000	-0,000194890356	-0,000344052916	-1364429110000	-0,0164347025	   NaN	-1364429110000	   NaN	0,0000100000000	0,0265997340	   NaN	   NaN
0,0137260000	-0,000259891113	-0,000346563070	-1819492660000	-0,0219159943	   NaN	-1819492660000	   NaN	0,0000100000000	0,0265997340	   NaN	   NaN
0,0137744000	-0,000260112658	-0,000351117928	-1821043670000	-0,0219346764	   NaN	-1821043670000	   NaN	0,0000100000000	0,0265997340	   NaN	   NaN
0,0138228000	-0,000282067638	-0,000354830698	-1974747370000	-0,0237860548	   NaN	-1974747370000	   NaN	0,0000100000000	0,0265997340	   NaN	   NaN
0,0138712000	-0,000338864647	-0,000359495669	-2372373250000	-0,0285755034	   NaN	-2372373250000	   NaN	0,0000100000000	0,0265997340	   NaN	   NaN
0,0139196000	-0,000353255835	-0,000362417094	-2473122990000	-0,0297890453	   NaN	-2473122990000	   NaN	0,0000100000000	0,0265997340	   NaN	   NaN
0,0139680000	-0,000363591853	-0,000366664913	-2545483200000	-0,0306606323	   NaN	-2545483200000	   NaN	0,0000100000000	0,0265997340	   NaN	   NaN
0,0140164000	-0,000446267980	-0,000371722131	-3124277470000	-0,0376322744	   NaN	-3124277470000	   NaN	0,0000100000000	0,0265997340	   NaN	   NaN
0,0140648000	-0,000491221625	-0,000377067920	-3438983870000	-0,0414229486	   NaN	-3438983870000	   NaN	0,0000100000000	0,0265997340	   NaN	   NaN
0,0141132000	-0,000505376671	-0,000382794979	-3538078560000	-0,0426165552	   NaN	-3538078560000	   NaN	0,0000100000000	0,0265997340	   NaN	   NaN
0,0141616000	-0,000531334667	-0,000387804500	-3719801250000	-0,0448054255	   NaN	-3719801250000	   NaN	0,0000100000000	0,0265997340	   NaN	   NaN
0,0142100000	-0,000522684283	-0,000391878287	-3659243060000	-0,0440759953	   NaN	-3659243060000	   NaN	0,0000100000000	0,0265997340	   NaN	   NaN
0,0142584000	-0,000550002914	-0,000393872208	-3850490640000	-0,0463795940	   NaN	-3850490640000	   NaN	0,0000100000000	0,0265997340	   NaN	   NaN
0,0143068000	-0,000559440245	-0,000394901626	-3916557740000	-0,0471753797	   NaN	-3916557740000	   NaN	0,0000100000000	0,0265997340	   NaN	   NaN
0,0143552000	-0,000547792611	-0,000394749570	-3835017150000	-0,0461932142	   NaN	-3835017150000	   NaN	0,0000100000000	0,0265997340	   NaN	   NaN
0,0144036000	-0,000550168554	-0,000394255688	-3851650220000	-0,0463935613	   NaN	-3851650220000	   NaN	0,0000100000000	0,0265997340	   NaN	   NaN
0,0144520000	-0,000547052936	-0,000393670656	-3829838970000	-0,0461308424	   NaN	-3829838970000	   NaN	0,0000100000000	0,0265997340	   NaN	   NaN
0,0145004000	-0,000543435828	-0,000391970603	-3804516970000	-0,0458258360	   NaN	-3804516970000	   NaN	0,0000100000000	0,0265997340	   NaN	   NaN
0,0145488000	-0,000512000753	-0,000389076836	-3584451450000	-0,0431751220	   NaN	-3584451450000	   NaN	0,0000100000000	0,0265997340	   NaN	   NaN
0,0145972000	-0,000511505813	-0,000388408001	-3580986550000	-0,0431333869	   NaN	-3580986550000	   NaN	0,0000100000000	0,0265997340	   NaN	   NaN
0,0146456000	-0,000499156755	-0,000387860164	-3494535050000	-0,0420920688	   NaN	-3494535050000	   NaN	0,0000100000000	0,0265997340	   NaN	   NaN
0,0146940000	-0,000466966368	-0,000386362274	-3269180620000	-0,0393776493	   NaN	-3269180620000	   NaN	0,0000100000000	0,0265997340	   NaN	   NaN
0,0147424000	-0,000462672665	-0,000384799224	-3239121740000	-0,0390155866	   NaN	-3239121740000	   NaN	0,0000100000000	0,0265997340	   NaN	   NaN
0,0147908000	-0,000469827063	-0,000382758699	-3289207460000	-0,0396188748	   NaN	-3289207460000	   NaN	0,0000100000000	0,0265997340	   NaN	   NaN
0,0148392000	-0,000456909742	-0,000380432447	-3198777270000	-0,0385296330	   NaN	-3198777270000	   NaN	0,0000100000000	0,0265997340	   NaN	   NaN
0,0148876000	-0,000400497510	-0,000377109392	-2803850930000	-0,0337727007	   NaN	-2803850930000	   NaN	0,0000100000000	0,0265997340	   NaN	   NaN
0,0149360000	-0,000382562045	-0,000373401270	-2678289150000	-0,0322602949	   NaN	-2678289150000	   NaN	0,0000100000000	0,0265997340	   NaN	   NaN
0,0149844000	-0,000402426499	-0,000369463524	-2817355290000	-0,0339353623	   NaN	-2817355290000	   NaN	0,0000100000000	0,0265997340	   NaN	   NaN
