Time_(s)	Photoconductance_Signal_(V)	Reference_Voltage_(V)	Apparent_Carrier_Density_(cm-3)	Tau_(s)	Inverse_Tau_Auger_Corrected_(s-1)	Minority_Carrier_Density_(cm-3)	Implied_Voc_(V)	Implied_Suns_(suns)	Photogeneration_(A/cm2)	Jo_(A/cm2)	ni_(cm-3)
0,000520000000	3,61354223	0,553187059	31216722800000000	0,0000541731998	14796,5550	31216722800000000	0,780186786	69,4086649	-1,81967049	0,0000000000000713941631	9672369030
0,000618400000	3,53357571	0,528177141	30392433900000000	0,0000552401783	14568,4737	30392433900000000	0,779097117	66,2706576	-1,73619949	0,0000000000000704728448	9661276650
0,000716800000	3,44101494	0,500911792	29446134900000000	0,0000564334022	14331,1029	29446134900000000	0,777813156	62,8496602	-1,64520096	0,0000000000000704728448	9648410930
0,000815200000	3,34313689	0,473979436	28454568800000000	0,0000576317359	14112,6011	28454568800000000	0,776427748	59,4704437	-1,55531380	0,0000000000000696156231	9634775160
0,000913600000	3,24858370	0,449629128	27505540400000000	0,0000587266105	13930,3194	27505540400000000	0,775061019	56,4151980	-1,47404427	0,0000000000000688759474	9621572170
0,00101200000	3,15676705	0,426736321	26592284100000000	0,0000598225918	13752,1160	26592284100000000	0,773705782	53,5428257	-1,39763916	0,0000000000000682478508	9608722540
0,00111040000	3,06365743	0,404457235	25674503000000000	0,0000609394638	13578,0632	25674503000000000	0,772301747	50,7474573	-1,32328237	0,0000000000000677059247	9595662880
0,00120880000	2,97048923	0,382902472	24764524000000000	0,0000620884770	13403,4794	24764524000000000	0,770865272	48,0429701	-1,25134301	0,0000000000000672417456	9582565610
0,00130720000	2,87935607	0,362790889	23882509400000000	0,0000631964637	13244,2379	23882509400000000	0,769427948	45,5195595	-1,18422028	0,0000000000000656202386	9569725950
0,00140560000	2,79069382	0,343995249	23032064800000000	0,0000642761153	13095,3148	23032064800000000	0,767997289	43,1612609	-1,12148954	0,0000000000000643381807	9557207380
0,00150400000	2,70317246	0,326193078	22199949400000000	0,0000653350814	12955,7274	22199949400000000	0,766552012	40,9276133	-1,06207451	0,0000000000000634642744	9544823830
0,00160240000	2,61790263	0,309230401	21396279400000000	0,0000664240374	12811,8690	21396279400000000	0,765110540	38,7992975	-1,00546131	0,0000000000000628737164	9532734060
0,00170080000	2,53397589	0,293283380	20612034000000000	0,0000674687384	12681,6517	20612034000000000	0,763657724	36,7984166	-0,952237881	0,0000000000000623594569	9520811000
0,00179920000	2,45313033	0,278333688	19862911300000000	0,0000685087937	12553,4636	19862911300000000	0,762224419	34,9226710	-0,902343049	0,0000000000000619706527	9509303660
0,00189760000	2,37418420	0,264155939	19137368800000000	0,0000695490236	12427,5579	19137368800000000	0,760790850	33,1437816	-0,855024591	0,0000000000000617317402	9498046130
0,00199600000	2,29688922	0,250705103	18432711300000000	0,0000705822077	12305,5540	18432711300000000	0,759352825	31,4560983	-0,810132215	0,0000000000000616597247	9487004710
0,00209440000	2,22179372	0,238010059	17753503000000000	0,0000716074055	12186,7831	17753503000000000	0,757921105	29,8632445	-0,767762303	0,0000000000000617004901	9476259560
0,00219280000	2,14823673	0,226025396	17093354800000000	0,0000726004415	12076,3458	17093354800000000	0,756483615	28,3595227	-0,727763304	0,0000000000000618331632	9465717890
0,00229120000	2,07691637	0,214756314	16458129700000000	0,0000735705040	11971,2086	16458129700000000	0,755054609	26,9455852	-0,690152566	0,0000000000000621009342	9455481540
0,00238960000	2,00780091	0,204031463	15847087900000000	0,0000745626813	11862,9294	15847087900000000	0,753634625	25,5999326	-0,654358207	0,0000000000000623646546	9445547890
0,00248800000	1,94070590	0,193902962	15258178400000000	0,0000755418186	11758,1464	15258178400000000	0,752220970	24,3291044	-0,620554177	0,0000000000000626948790	9435892280
0,00258640000	1,87557121	0,184349034	14690489700000000	0,0000765005573	11657,9624	14690489700000000	0,750813366	23,1303681	-0,588667791	0,0000000000000630620777	9426507800
0,00268480000	1,81218327	0,175288819	14141813900000000	0,0000774497635	11560,4826	14141813900000000	0,749408044	21,9935782	-0,558429181	0,0000000000000635086805	9417365270
0,00278320000	1,75085515	0,166681798	13614517100000000	0,0000784121309	11461,5640	13614517100000000	0,748012953	20,9136510	-0,529703115	0,0000000000000640238624	9408511440
0,00288160000	1,69093559	0,158543093	13102695400000000	0,0000793382302	11369,8115	13102695400000000	0,746614068	19,8924835	-0,502540061	0,0000000000000645031599	9399853750
0,00298000000	1,63311533	0,150847060	12611951300000000	0,0000802628593	11278,7331	12611951300000000	0,745228422	18,9268582	-0,476854428	0,0000000000000649079829	9391493410
0,00307840000	1,57718193	0,143553836	12140156100000000	0,0000811855356	11188,5796	12140156100000000	0,743852372	18,0117736	-0,452513178	0,0000000000000653635071	9383401140
0,00317680000	1,52322952	0,136683666	11687798900000000	0,0000820890639	11101,7872	11687798900000000	0,742489679	17,1497699	-0,429583878	0,0000000000000658412145	9375591840
0,00327520000	1,47071650	0,130156682	11250078200000000	0,0000829771025	11018,1115	11250078200000000	0,741127774	16,3308258	-0,407799968	0,0000000000000662808810	9367988320
0,00337360000	1,41982398	0,123942177	10828278100000000	0,0000838705461	10934,2584	10828278100000000	0,739772190	15,5510887	-0,387058960	0,0000000000000667255229	9360617890
0,00347200000	1,37008836	0,118045413	10418356600000000	0,0000847265057	10856,6334	10418356600000000	0,738411180	14,8112187	-0,367378417	0,0000000000000672525014	9353414420
0,00357040000	1,32272190	0,112499767	10030062800000000	0,0000855896443	10777,7745	10030062800000000	0,737079448	14,1154037	-0,348869738	0,0000000000000677612443	9346554430
0,00366880000	1,27618276	0,107181179	9650544050000000	0,0000864375525	10702,0430	9650544050000000	0,735734895	13,4480776	-0,331118865	0,0000000000000682266249	9339815490
0,00376720000	1,23105174	0,102136270	9284391460000000	0,0000872655126	10629,4319	9284391460000000	0,734394528	12,8150903	-0,314281402	0,0000000000000686710721	9333282520
0,00386560000	1,18762793	0,0973696226	8933837210000000	0,0000880813049	10558,5419	8933837210000000	0,733068597	12,2170166	-0,298372643	0,0000000000000691131154	9326999520
0,00396400000	1,14567039	0,0928286439	8596745410000000	0,0000889039898	10487,0719	8596745410000000	0,731751308	11,6472577	-0,283217055	0,0000000000000695970009	9320932210
0,00406240000	1,10495823	0,0885170107	8271183670000000	0,0000897036507	10418,9587	8271183670000000	0,730436807	11,1062749	-0,268826911	0,0000000000000701129818	9315049210
0,00416080000	1,06554743	0,0844334414	7957456820000000	0,0000904750833	10354,6342	7957456820000000	0,729127868	10,5939073	-0,255197935	0,0000000000000706132535	9309359110
0,00425920000	1,02778806	0,0805596792	7658192080000000	0,0000912594231	10288,7113	7658192080000000	0,727837769	10,1078644	-0,242269193	0,0000000000000711299039	9303912790
0,00435760000	0,991011758	0,0768538942	7367954880000000	0,0000920344182	10224,4104	7367954880000000	0,726544986	9,64289765	-0,229901077	0,0000000000000716563459	9298614140
0,00445600000	0,955510518	0,0733359563	7088936010000000	0,0000927968616	10161,8198	7088936010000000	0,725260664	9,20150016	-0,218159904	0,0000000000000721413229	9293505550
0,00455440000	0,921106862	0,0700083752	6819625130000000	0,0000935146593	10104,6664	6819625130000000	0,723979528	8,78398685	-0,207054050	0,0000000000000726861879	9288561680
0,00465280000	0,887735027	0,0668368402	6559407170000000	0,0000942145271	10049,7503	6559407170000000	0,722699995	8,38605272	-0,196469002	0,0000000000000734565564	9283773270
0,00475120000	0,855673533	0,0638276626	6310347700000000	0,0000949103426	9995,23913	6310347700000000	0,721434079	8,00848966	-0,186425825	0,0000000000000742170223	9279180330
0,00484960000	0,824741971	0,0609448848	6070938670000000	0,0000956285956	9938,35164	6070938670000000	0,720176288	7,64678604	-0,176804509	0,0000000000000745052453	9274756960
0,00494800000	0,794754884	0,0582131676	5839657280000000	0,0000963020032	9886,58086	5839657280000000	0,718920199	7,30403608	-0,167687360	0,0000000000000748259289	9270476600
0,00504640000	0,766045131	0,0556156259	5618980790000000	0,0000969906591	9833,09622	5618980790000000	0,717681281	6,97812119	-0,159018024	0,0000000000000751775141	9266386620
0,00514480000	0,737908104	0,0531282530	5403420630000000	0,0000976365519	9784,54412	5403420630000000	0,716430052	6,66602923	-0,150716378	0,0000000000000755145808	9262386560
0,00524320000	0,710997506	0,0507703828	5197916890000000	0,0000982851910	9735,57565	5197916890000000	0,715196538	6,37018605	-0,142846949	0,0000000000000756107183	9258569240
0,00534160000	0,684741138	0,0485038330	4998031100000000	0,0000989218172	9688,10747	4998031100000000	0,713955723	6,08580088	-0,135282303	0,0000000000000753579432	9254853290
0,00544000000	0,659599941	0,0463425962	4807210020000000	0,0000995822483	9638,16306	4807210020000000	0,712730511	5,81462939	-0,128069142	0,0000000000000750167555	9251303700
0,00553840000	0,635439355	0,0442748916	4624361340000000	0,000100268253	9585,75580	4624361340000000	0,711516329	5,55519342	-0,121168145	0,0000000000000749205587	9247901020
0,00563680000	0,611779619	0,0423116500	4445805670000000	0,000100869463	9542,14413	4445805670000000	0,710289770	5,30886449	-0,114615795	0,0000000000000747316648	9244577480
0,00573520000	0,588647604	0,0404810775	4271712940000000	0,000101302273	9515,14552	4271712940000000	0,709051913	5,07918162	-0,108506231	0,0000000000000744633181	9241336870
0,00583360000	0,566748188	0,0387085555	4107334040000000	0,000101864358	9475,10531	4107334040000000	0,707842090	4,85678237	-0,102590411	0,0000000000000741388902	9238277490
0,00593200000	0,545571467	0,0370150778	3948783850000000	0,000102412717	9436,39507	3948783850000000	0,706634411	4,64430086	-0,0969384028	0,0000000000000740287566	9235327460
0,00603040000	0,525053927	0,0354016166	3795547580000000	0,000102924920	9401,13207	3795547580000000	0,705426164	4,44185905	-0,0915534507	0,0000000000000740403804	9232477620
0,00612880000	0,505195507	0,0338680348	3647588590000000	0,000103391549	9370,09682	3647588590000000	0,704218193	4,24943975	-0,0864350973	0,0000000000000741342970	9229727610
0,00622720000	0,485923506	0,0324016384	3504332060000000	0,000103826323	9341,95052	3504332060000000	0,703006812	4,06545024	-0,0815409764	0,0000000000000746917611	9227067030
0,00632560000	0,467300031	0,0309755499	3366207930000000	0,000104325651	9307,71618	3366207930000000	0,701796736	3,88651819	-0,0767813837	0,0000000000000753522040	9224504090
0,00642400000	0,449140838	0,0295794939	3231821940000000	0,000104888018	9267,82141	3231821940000000	0,700576505	3,71135432	-0,0721220248	0,0000000000000747425389	9222013130
0,00652240000	0,431755050	0,0282912656	3103431970000000	0,000105307438	9240,79300	3103431970000000	0,699367945	3,54971964	-0,0678225425	0,0000000000000738120158	9219636110
0,00662080000	0,414900374	0,0270392103	2979218420000000	0,000105773660	9209,48662	2979218420000000	0,698155627	3,39262363	-0,0636437886	0,0000000000000726544757	9217339390
0,00671920000	0,398813085	0,0258457420	2860893620000000	0,000106262957	9175,96886	2860893620000000	0,696958131	3,24287855	-0,0596605693	0,0000000000000710107388	9215154630
0,00681760000	0,383456348	0,0247222129	2748154650000000	0,000106714398	9145,66918	2748154650000000	0,695775254	3,10190877	-0,0559107732	0,0000000000000690908238	9213076110
0,00691600000	0,368557790	0,0236602611	2638977560000000	0,000107074328	9123,35072	2638977560000000	0,694587554	2,96866513	-0,0523664925	0,0000000000000665441313	9211066450
0,00701440000	0,354164103	0,0226410300	2533685490000000	0,000107430035	9101,25582	2533685490000000	0,693399537	2,84078168	-0,0489647928	0,0000000000000627772875	9209131560
0,00711280000	0,340213385	0,0216614862	2431807500000000	0,000107773041	9080,14756	2431807500000000	0,692206926	2,71787781	-0,0456955499	0,0000000000000586698018	9207262720
0,00721120000	0,326748130	0,0207394045	2333636780000000	0,000108020497	9067,07618	2333636780000000	0,691014228	2,60218375	-0,0426180878	0,0000000000000551463120	9205465220
0,00730960000	0,313695536	0,0198476624	2238626500000000	0,000108278310	9052,93407	2238626500000000	0,689815846	2,49029641	-0,0396418845	0,0000000000000527975263	9203728940
0,00740800000	0,300998655	0,0189837153	2146348870000000	0,000108539619	9038,35322	2146348870000000	0,688606877	2,38189652	-0,0367584475	0,0000000000000507808193	9202045970
0,00750640000	0,288773863	0,0181623288	2057635780000000	0,000108759240	9027,08874	2057635780000000	0,687399141	2,27883673	-0,0340170571	0,0000000000000486069116	9200431380
0,00760480000	0,277027036	0,0173635593	1972514590000000	0,000109056275	9009,07208	1972514590000000	0,686194763	2,17861472	-0,0313511515	0,0000000000000460276612	9198885440
0,00770320000	0,265648053	0,0165997030	1890174140000000	0,000109312718	8994,34292	1890174140000000	0,684983586	2,08277327	-0,0288017690	0,0000000000000437130922	9197393260
0,00780160000	0,254550098	0,0158909536	1809976450000000	0,000109343295	8998,37667	1809976450000000	0,683756460	1,99384612	-0,0264363068	0,0000000000000427271286	9195943160
0,00790000000	0,243719004	0,0151962520	1731811110000000	0,000109404006	8999,71359	1731811110000000	0,682511314	1,90668156	-0,0241177295	0,0000000000000416129565	9194533050
0,00799840000	0,233735246	0,0145190014	1659851670000000	0,000109749292	8976,84854	1659851670000000	0,681318321	1,82170658	-0,0218573949	0,0000000000000406969299	9193237880
0,00809680000	0,224049810	0,0138645998	1590125720000000	0,000110101521	8953,39830	1590125720000000	0,680115831	1,73959847	-0,0196733192	0,0000000000000399537367	9191985760
0,00819520000	0,214584049	0,0132565094	1522060450000000	0,000110222919	8948,94930	1522060450000000	0,678893878	1,66330106	-0,0176438081	0,0000000000000385403504	9190766300
0,00829360000	0,205398712	0,0126792254	1456086440000000	0,000110246199	8952,40877	1456086440000000	0,677660010	1,59086894	-0,0157171138	0,0000000000000390495598	9189587100
0,00839200000	0,196515790	0,0121185117	1392354630000000	0,000110298541	8953,28939	1392354630000000	0,676417595	1,52051590	-0,0138457230	0,0000000000000403421632	9188450700
0,00849040000	0,187728233	0,0115574717	1329374810000000	0,000110421540	8948,30715	1329374810000000	0,675136538	1,45012192	-0,0119732431	0,0000000000000371760317	9187330430
0,00858880000	0,179776822	0,0110382310	1272445680000000	0,000110664663	8933,03050	1272445680000000	0,673928703	1,38497252	-0,0102402689	0,0000000000000380443651	9186320210
0,00868720000	0,171946290	0,0105400136	1216435900000000	0,000110794257	8927,00031	1216435900000000	0,672689850	1,32246093	-0,00857746073	0,0000000000000391236714	9185328640
0,00878560000	0,164327672	0,0100551404	1161993220000000	0,000110939103	8919,62368	1161993220000000	0,671433148	1,26162363	-0,00695918865	0,0000000000000384073038	9184367090
0,00888400000	0,156966217	0,00959592383	1109436310000000	0,000110990236	8919,72168	1109436310000000	0,670166194	1,20400550	-0,00542654629	0,0000000000000365141492	9183441060
0,00898240000	0,150218424	0,00916288736	1061302110000000	0,000111192596	8907,21421	1061302110000000	0,668955111	1,14967219	-0,00398128027	0,0000000000000341921474	9182594930
0,00908080000	0,143505760	0,00874237092	1013457870000000	0,000111287315	8903,42280	1013457870000000	0,667698677	1,09690978	-0,00257780005	0,0000000000000355020147	9181755800
0,00917920000	0,137027989	0,00833386197	967325040000000	0,000111428252	8895,77947	967325040000000	0,666432745	1,04565395	-0,00121439504	0,0000000000000397609326	9180948560
0,00927760000	0,130817421	0,00793888056	923129471000000	0,000111627845	8883,29656	923129471000000	0,665164978	0,996095428	0,000103861619	0,0000000000000437016606	9180176970
0,00937600000	0,124760812	0,00757767158	880061854000000	0,000111492746	8897,62216	880061854000000	0,663872704	0,950774351	0,00130940226	0,0000000000000538984587	9179426770
0,00947440000	0,118837576	0,00721836847	837973519000000	0,000111444962	8904,85772	837973519000000	0,662550159	0,905692406	0,00250858200	0,0000000000000567853961	9178695300
0,00957280000	0,113353451	0,00687520663	799032573000000	0,000111570125	8897,92645	799032573000000	0,661268705	0,862635712	0,00365389006	0,0000000000000579670516	9178020030
0,00967120000	0,108138395	0,00654683574	762026469000000	0,000111739778	8887,29637	762026469000000	0,659994255	0,821434848	0,00474983305	0,0000000000000522993109	9177379680
0,00976960000	0,103108987	0,00621926522	726360138000000	0,000112119749	8859,83686	726360138000000	0,658708473	0,780334407	0,00584310477	0,0000000000000542497958	9176763790
0,00986800000	0,0982654405	0,00591680111	692032652000000	0,000112281655	8849,73729	692032652000000	0,657412334	0,742384079	0,00685258349	0,0000000000000584150968	9176172250
0,00996640000	0,0935221893	0,00562594910	658435759000000	0,000112353551	8846,74046	658435759000000	0,656082419	0,705890727	0,00782330665	0,0000000000000660534808	9175594480
0,0100648000	0,0891481285	0,00533982998	627471214000000	0,000112806875	8813,46351	627471214000000	0,654797452	0,669991215	0,00877823368	0,0000000000000688844540	9175063030
0,0101632000	0,0850088278	0,00510090713	598183884000000	0,000112578766	8833,78086	598183884000000	0,653524455	0,640013442	0,00957564244	0,0000000000000864020852	9174561310
0,0102616000	0,0809418658	0,00486040067	569422885000000	0,000112468794	8844,77966	569422885000000	0,652214277	0,609836972	0,0103783365	0,000000000000120396505	9174069520
0,0103600000	0,0769648078	0,00463143577	541311577000000	0,000112202068	8868,17747	541311577000000	0,650870240	0,581108629	0,0111425105	0,000000000000171989568	9173589730
0,0104584000	0,0732511970	0,00439049335	515074819000000	0,000112622765	8836,99625	515074819000000	0,649553306	0,550877460	0,0119466596	0,000000000000220449671	9173142740
0,0105568000	0,0696548627	0,00417234748	489678043000000	0,000112667680	8835,50047	489678043000000	0,648214961	0,523506585	0,0126747248	0,000000000000266637892	9172710800
0,0106552000	0,0663662194	0,00395542648	466463969000000	0,000113212395	8794,66457	466463969000000	0,646931231	0,496289396	0,0133987021	0,000000000000335338681	9172316650
0,0107536000	0,0630959700	0,00375507166	443389050000000	0,000113353759	8785,50725	443389050000000	0,645592017	0,471150774	0,0140673894	0,000000000000401402437	9171925480
0,0108520000	0,0601193618	0,00355105357	422394141000000	0,000114190468	8722,55759	422394141000000	0,644313130	0,445552518	0,0147483030	0,000000000000475516028	9171570130
0,0109504000	0,0571723232	0,00335072751	401615375000000	0,000115064250	8657,73069	401615375000000	0,642984814	0,420417504	0,0154168944	0,000000000000567222149	9171218960
0,0110488000	0,0545000053	0,00317653679	382780108000000	0,000115681700	8612,86256	382780108000000	0,641721396	0,398561705	0,0159982587	0,000000000000714193377	9170901090
0,0111472000	0,0518880180	0,00302331218	364376061000000	0,000115700713	8612,92701	364376061000000	0,640426756	0,379336535	0,0165096482	0,000000000000851918473	9170590920
0,0112456000	0,0496595155	0,00288788028	348678727000000	0,000115908546	8598,69668	348678727000000	0,639270900	0,362343824	0,0169616543	0,000000000000988569272	9170326700
0,0113440000	0,0473918879	0,00274193774	332710225000000	0,000116487078	8557,13825	332710225000000	0,638041542	0,344032339	0,0174487398	0,00000000000115056033	9170058240
0,0114424000	0,0451404454	0,00259795316	316860113000000	0,000117086129	8514,49752	316860113000000	0,636762694	0,325966519	0,0179292906	0,00000000000137483607	9169792080
0,0115408000	0,0429832285	0,00245192338	301677474000000	0,000118115034	8441,32700	301677474000000	0,635477407	0,307644088	0,0184166673	0,00000000000165766002	9169537440
0,0116392000	0,0410122909	0,00230308090	287809412000000	0,000119967882	8311,69116	287809412000000	0,634246620	0,288968745	0,0189134314	0,00000000000194705034	9169305100
0,0117376000	0,0392349476	0,00216220224	275306423000000	0,000122233212	8158,22213	275306423000000	0,633085943	0,271292627	0,0193836161	0,00000000000220596578	9169095850
0,0118360000	0,0374195007	0,00204550283	262538218000000	0,000123214450	8094,10580	262538218000000	0,631845850	0,256650292	0,0197731022	0,00000000000275937967	9168882360
0,0119344000	0,0358225761	0,00194890387	251309264000000	0,000123790488	8057,25062	251309264000000	0,630705166	0,244529971	0,0200955028	0,00000000000325455369	9168694800
0,0120328000	0,0343102059	0,00183312027	240676904000000	0,000126041235	7913,86015	240676904000000	0,629577829	0,230002543	0,0204819324	0,00000000000371218469	9168517350
0,0121312000	0,0327954077	0,00172001838	230029463000000	0,000128386562	7769,79094	230029463000000	0,628398585	0,215811591	0,0208594117	0,00000000000419192035	9168339800
0,0122296000	0,0313758634	0,00161583112	220053364000000	0,000130737819	7630,52114	220053364000000	0,627243785	0,202739162	0,0212071383	0,00000000000469057806	9168173590
0,0123280000	0,0299257263	0,00152450938	209864073000000	0,000132153050	7549,43821	209864073000000	0,626009698	0,191280976	0,0215119260	0,00000000000562558978	9168003960
0,0124264000	0,0285447848	0,00143233545	200162676000000	0,000134155212	7437,29714	200162676000000	0,624778437	0,179715865	0,0218195580	0,00000000000633877195	9167842580
0,0125248000	0,0273743046	0,00132664280	191941108000000	0,000138893904	7183,65500	191941108000000	0,623687924	0,166454555	0,0221723088	0,00000000000732313864	9167705920
0,0126232000	0,0262356667	0,00122898322	183944342000000	0,000143684418	6944,26445	183944342000000	0,622581997	0,154201157	0,0224982492	0,00000000000801479581	9167573090
0,0127216000	0,0252322963	0,00113068957	176898507000000	0,000150193097	6643,23865	176898507000000	0,621567443	0,141868202	0,0228263058	0,00000000000864798645	9167456120
0,0128200000	0,0242788290	0,00106773835	170203908000000	0,000153029048	6520,39732	170203908000000	0,620565723	0,133969680	0,0230364065	0,00000000000879153352	9167345050
0,0129184000	0,0235730039	0,00100630832	165248591000000	0,000157643437	6329,52497	165248591000000	0,619798812	0,126262023	0,0232414302	0,00000000000940893554	9167262880
0,0130168000	0,0226374782	0,000946418012	158681304000000	0,000160957774	6199,44287	158681304000000	0,618746569	0,118747555	0,0234413150	0,0000000000102835916	9167154020
0,0131152000	0,0218839435	0,000877960721	153392126000000	0,000167724758	5949,21567	153392126000000	0,617867266	0,110158183	0,0236697923	0,0000000000109121544	9167066400
0,0132136000	0,0210058063	0,000808481440	147228965000000	0,000174820515	5707,72451	147228965000000	0,616803955	0,101440582	0,0239016805	0,0000000000121579090	9166964340
0,0133120000	0,0203596620	0,000750706406	142694460000000	0,000182476181	5468,11151	142694460000000	0,615993076	0,0941915190	0,0240945056	0,0000000000131699518	9166889290
0,0134104000	0,0198633716	0,000699988109	139211845000000	0,000190921448	5225,98645	139211845000000	0,615352764	0,0878278681	0,0242637787	0,0000000000147375446	9166831670
0,0135088000	0,0192371187	0,000661440749	134817549000000	0,000195670193	5099,23179	134817549000000	0,614521778	0,0829913110	0,0243924311	0,0000000000159881976	9166758990
0,0136072000	0,0187192132	0,000628385439	131183763000000	0,000200411743	4978,61777	131183763000000	0,613814058	0,0788438442	0,0245027537	0,0000000000168276636	9166698900
0,0137056000	0,0180401714	0,000594386226	126419747000000	0,000204181021	4886,89711	126419747000000	0,612856162	0,0745779456	0,0246162266	0,0000000000194545548	9166620160
0,0138040000	0,0175800545	0,000565459860	123191890000000	0,000209145984	4770,89741	123191890000000	0,612186561	0,0709485395	0,0247127688	0,0000000000199897472	9166566830
0,0139024000	0,0170166082	0,000530206586	119239396000000	0,000215895625	4621,74173	119239396000000	0,611342512	0,0665252931	0,0248304272	0,0000000000213542363	9166501540
0,0140008000	0,0166034811	0,000491597753	116341544000000	0,000227192571	4391,66529	116341544000000	0,610705843	0,0616810229	0,0249592848	0,0000000000227364488	9166453690
0,0140992000	0,0163049424	0,000453992727	114247557000000	0,000241583472	4129,64174	114247557000000	0,610235908	0,0569627010	0,0250847922	0,0000000000229161131	9166419120
0,0141976000	0,0159286883	0,000415950322	111608575000000	0,000257587800	3872,67505	111608575000000	0,609631331	0,0521895009	0,0252117593	0,0000000000239912164	9166375560
0,0142960000	0,0156938645	0,000380638273	109961623000000	0,000277330656	3596,44370	109961623000000	0,609246786	0,0477588799	0,0253296138	0,0000000000240768040	9166348380
0,0143944000	0,0153202495	0,000347245491	107341348000000	0,000296756077	3360,62714	107341348000000	0,608623028	0,0435690704	0,0254410627	0,0000000000250123217	9166305140
0,0144928000	0,0150009536	0,000311862875	105102125000000	0,000323531829	3081,92738	105102125000000	0,608077875	0,0391295953	0,0255591528	0,0000000000259673245	9166268200
0,0145912000	0,0146986229	0,000280747604	102981961000000	0,000352139133	2831,00343	102981961000000	0,607550964	0,0352255463	0,0256630005	0,0000000000265187043	9166233240
0,0146896000	0,0143954902	0,000250623780	100856252000000	0,000386322268	2579,90521	100856252000000	0,607011741	0,0314458946	0,0257635392	0,0000000000264178504	9166198180
0,0147880000	0,0141533516	0,000222974334	99158319900000	0,000426917027	2333,90892	99158319900000	0,606572854	0,0279767044	0,0258558197	0,0000000000259731581	9166170190
0,0148864000	0,0139356913	0,000202814094	97632078600000	0,000462129398	2155,55594	97632078600000	0,606171923	0,0254471887	0,0259231048	0,0000000000257375748	9166145030
0,0149848000	0,0136914006	0,000180760757	95919152200000	0,000509413410	1954,84399	95919152200000	0,605714465	0,0226801451	0,0259967081	0,0000000000253261700	9166116790
0,0150832000	0,0134121869	0,000165260989	93961415600000	0,000545818682	1824,07444	93961415600000	0,605181574	0,0207353813	0,0260484389	0,0000000000235282649	9166084530
0,0151816000	0,0132639536	0,000153620297	92922089700000	0,000580683599	1714,15864	92922089700000	0,604894169	0,0192748177	0,0260872899	0,0000000000233438020	9166067400
0,0152800000	0,0130386794	0,000140879242	91342633500000	0,000622437450	1598,76864	91342633500000	0,604451224	0,0176761909	0,0261298133	0,0000000000223146012	9166041380
0,0153784000	0,0128827855	0,000130371237	90249646800000	0,000664558041	1497,03172	90249646800000	0,604140223	0,0163577461	0,0261648840	0,0000000000220904495	9166023370
0,0154768000	0,0127103428	0,000119415891	89040659100000	0,000715806168	1389,39891	89040659100000	0,603791822	0,0149831732	0,0262014476	0,0000000000213327306	9166003460
0,0155752000	0,0125586434	0,000105857046	87977123400000	0,000797846199	1245,83544	87977123400000	0,603481425	0,0132819380	0,0262467004	0,0000000000208543180	9165985940
0,0156736000	0,0123222280	0,0000906541559	86319698600000	0,000914095117	1086,57686	86319698600000	0,602990179	0,0113744236	0,0262974403	0,0000000000197989440	9165958640
0,0157720000	0,0121942686	0,0000772231177	85422641100000	0,00106192747	934,357289	85422641100000	0,602720372	0,00968922430	0,0263422666	0,0000000000186816752	9165943870
0,0158704000	0,0120147522	0,0000634358654	84164168200000	0,00127368361	777,902411	84164168200000	0,602337073	0,00795933067	0,0263882818	0,0000000000175731442	9165923150
0,0159688000	0,0118332809	0,0000540617290	82892018600000	0,00147194634	672,256524	82892018600000	0,601943768	0,00678315295	0,0264195681	0,0000000000165221783	9165902200
0,0160672000	0,0117153173	0,0000444731897	82065085800000	0,00177145180	557,461490	82065085800000	0,601684876	0,00558007399	0,0264515700	0,0000000000154482682	9165888590
0,0161656000	0,0115387754	0,0000377165580	80827538000000	0,00205729462	479,131067	80827538000000	0,601292540	0,00473231594	0,0264741204	0,0000000000145662109	9165868220
0,0162640000	0,0113677347	0,0000310935006	79628578800000	0,00245849052	399,909346	79628578800000	0,600906695	0,00390131752	0,0264962250	0,0000000000141966225	9165848480
0,0163624000	0,0112020336	0,0000247992312	78467073500000	0,00303751499	322,468970	78467073500000	0,600527351	0,00311157229	0,0265172322	0,0000000000131363577	9165829370
0,0164608000	0,0110885719	0,0000190459158	77671761600000	0,00391498847	248,747383	77671761600000	0,600264367	0,00238970085	0,0265364340	0,0000000000129549583	9165816280
0,0165592000	0,0109168792	0,0000137978875	76468299200000	0,00532032331	181,377653	76468299200000	0,599861281	0,00173122804	0,0265539493	0,0000000000116011085	9165796480
0,0166576000	0,0108055853	0,00000517563633	75688209200000	0,0140389190	64,7147836	75688209200000	0,599596612	0,000649389753	0,0265827262	0,0000000000108043353	9165783640
0,0167560000	0,0107089085	-0,00000174702133	75010583500000	0,903510938	-5,35243372	75010583500000	0,599364494	0,0000100000000	0,0265997340	0,0000000000101716444	9165772490
0,0168544000	0,0105420548	-0,0000145620129	73841094800000	0,889424314	-5,23728319	73841094800000	0,598958936	0,0000100000000	0,0265997340	0,0000000000100022207	9165753250
0,0169528000	0,0104057224	-0,0000237458822	72885549100000	0,877914659	-5,14274895	72885549100000	0,598622795	0,0000100000000	0,0265997340	0,00000000000922211692	9165737540
0,0170512000	0,0103482054	-0,0000230939394	72482420800000	0,873058933	-5,10274141	72482420800000	0,598479665	0,0000100000000	0,0265997340	0,00000000000887979652	9165730910
0,0171496000	0,0102725112	-0,0000274184629	71951895600000	0,866668697	-5,04997460	71951895600000	0,598290091	0,0000100000000	0,0265997340	0,00000000000826125819	9165722180
0,0172480000	0,0102329416	-0,0000270678429	71674561900000	0,863328182	-5,02233726	71674561900000	0,598190436	0,0000100000000	0,0265997340	0,00000000000809844051	9165717620
0,0173464000	0,0101446116	-0,0000281656300	71055484200000	0,855871321	-4,96050917	71055484200000	0,597966589	0,0000100000000	0,0265997340	0,00000000000745413625	9165707440
0,0174448000	0,0100999484	-0,0000272793565	70742455900000	0,852100860	-4,92917465	70742455900000	0,597852663	0,0000100000000	0,0265997340	0,00000000000729687368	9165702290
0,0175432000	0,00999624368	-0,0000302570584	70015634200000	0,843346211	-4,85622828	70015634200000	0,597586191	0,0000100000000	0,0265997340	0,00000000000649493528	9165690340
0,0176416000	0,00991559706	-0,0000328254107	69450423200000	0,836538180	-4,79931340	69450423200000	0,597377059	0,0000100000000	0,0265997340	0,00000000000635617320	9165681040
0,0177400000	0,00982270433	-0,0000367274823	68799392400000	0,828696441	-4,73354702	68799392400000	0,597134063	0,0000100000000	0,0265997340	0,00000000000555697358	9165670340
0,0178384000	0,00967593677	-0,0000412384022	67770799600000	0,816306924	-4,62916760	67770799600000	0,596745437	0,0000100000000	0,0265997340	0,00000000000465006240	9165653420
0,0179368000	0,00960273974	-0,0000430730399	67257819000000	0,810128015	-4,57688849	67257819000000	0,596549420	0,0000100000000	0,0265997340	0,00000000000390426686	9165644990
0,0180352000	0,00951053780	-0,0000494506416	66611654500000	0,802344891	-4,51081849	66611654500000	0,596300382	0,0000100000000	0,0265997340	0,00000000000381401702	9165634370
0,0181336000	0,00949061915	-0,0000547826949	66472062600000	0,800663491	-4,49651279	66472062600000	0,596246266	0,0000100000000	0,0265997340	0,00000000000381401702	9165632070
0,0182320000	0,00947325717	-0,0000577484800	66350388500000	0,799197913	-4,48403381	66350388500000	0,596199004	0,0000100000000	0,0265997340	0,00000000000323161220	9165630070
0,0183304000	0,00942068275	-0,0000596317349	65981944400000	0,794759961	-4,44619119	65981944400000	0,596055360	0,0000100000000	0,0265997340	0,00000000000315419784	9165624010
0,0184288000	0,00941192617	-0,0000669657557	65920578100000	0,794020797	-4,43988025	65920578100000	0,596031358	0,0000100000000	0,0265997340	0,00000000000315419784	9165623010
0,0185272000	0,00945288893	-0,0000733565860	66207646600000	0,797478570	-4,46938269	66207646600000	0,596143448	0,0000100000000	0,0265997340	0,00000000000315419784	9165627720
0,0186256000	0,00944034671	-0,0000779892274	66119750100000	0,796419848	-4,46035479	66119750100000	0,596109179	0,0000100000000	0,0265997340	0,00000000000315419784	9165626280
0,0187240000	0,00938027541	-0,0000792400498	65698769400000	0,791349087	-4,41704997	65698769400000	0,595944416	0,0000100000000	0,0265997340	0,00000000000262698323	9165619360
0,0188224000	0,00924926181	-0,0000834132969	64780634600000	0,780290050	-4,32221990	64780634600000	0,595581399	0,0000100000000	0,0265997340	0,00000000000249792341	9165604270
0,0189208000	0,00920949845	-0,0000866848160	64501978500000	0,776933606	-4,29333187	64501978500000	0,595470208	0,0000100000000	0,0265997340	0,00000000000205551492	9165599690
0,0190192000	0,00915000499	-0,0000918673809	64085059200000	0,771911765	-4,25001499	64085059200000	0,595302950	0,0000100000000	0,0265997340	0,00000000000195312403	9165592830
0,0191176000	0,00904126163	-0,0000928837072	63323013500000	0,762732839	-4,17053884	63323013500000	0,594994416	0,0000100000000	0,0265997340	0,00000000000145449877	9165580310
0,0192160000	0,00894775796	-0,0000927841731	62667771800000	0,754840379	-4,10188114	62667771800000	0,594726153	0,0000100000000	0,0265997340	0,000000000000992905883	9165569540
0,0193144000	0,00887234558	-0,0000944568277	62139313200000	0,748475035	-4,04628565	62139313200000	0,594507752	0,0000100000000	0,0265997340	0,000000000000706439497	9165560860
0,0194128000	0,00882544330	-0,0000994558578	61810644000000	0,744516178	-4,01160609	61810644000000	0,594370985	0,0000100000000	0,0265997340	0,000000000000706439497	9165555460
0,0195112000	0,00875825208	-0,000104013456	61339802800000	0,738844842	-3,96178535	61339802800000	0,594173789	0,0000100000000	0,0265997340	0,000000000000684081982	9165547720
0,0196096000	0,00866878078	-0,000109052793	60712840300000	0,731293009	-3,89518350	60712840300000	0,593908854	0,0000100000000	0,0265997340	0,000000000000458706265	9165537420
0,0197080000	0,00862572243	-0,000111866616	60411115100000	0,727658695	-3,86302253	60411115100000	0,593780381	0,0000100000000	0,0265997340	0,000000000000451141855	9165532460
0,0198064000	0,00856719311	-0,000116674243	60000981900000	0,722718594	-3,81919041	60000981900000	0,593604719	0,0000100000000	0,0265997340	0,000000000000272555053	9165525720
0,0199048000	0,00851538593	-0,000124025486	59637955300000	0,718345897	-3,78027933	59637955300000	0,593448233	0,0000100000000	0,0265997340	0,000000000000126003189	9165519760
0,0200032000	0,00845772310	-0,000132057039	59233899300000	0,713478997	-3,73684290	59233899300000	0,593272940	0,0000100000000	0,0265997340	0,000000000000120816512	9165513120
0,0201016000	0,00836498215	-0,000137964221	58584049400000	0,705651482	-3,66669478	58584049400000	0,592988499	0,0000100000000	0,0265997340	0,0000000000000116483258	9165502440
0,0202000000	0,00836103710	-0,000143214737	58556406000000	0,705318514	-3,66370278	58556406000000	0,592976330	0,0000100000000	0,0265997340	0,0000000000000116483258	9165501990
0,0202984000	0,00836451127	-0,000146226179	58580749900000	0,705611739	-3,66633769	58580749900000	0,592987047	0,0000100000000	0,0265997340	0,0000000000000116483258	9165502390
0,0203968000	0,00835195194	-0,000148984818	58492745300000	0,704551714	-3,65680990	58492745300000	0,592948284	0,0000100000000	0,0265997340	0,0000000000000116483258	9165500940
0,0204952000	0,00830627836	-0,000152342939	58172706900000	0,700696815	-3,62210394	58172706900000	0,592806825	0,0000100000000	0,0265997340	-0,0000000000000300272951	9165495680
0,0205936000	0,00826538810	-0,000157319302	57886187000000	0,697245651	-3,59095600	57886187000000	0,592679522	0,0000100000000	0,0265997340	-0,0000000000000300706925	9165490980
0,0206920000	0,00820919295	-0,000160211472	57492427600000	0,692502774	-3,54802947	57492427600000	0,592503543	0,0000100000000	0,0265997340	-0,0000000000000302179045	9165484510
0,0207904000	0,00815347359	-0,000161522580	57102004700000	0,687800086	-3,50532653	57102004700000	0,592327866	0,0000100000000	0,0265997340	-0,0000000000000302588894	9165478090
0,0208888000	0,00807618223	-0,000162745574	56560432200000	0,681276785	-3,44585511	56560432200000	0,592082184	0,0000100000000	0,0265997340	-0,0000000000000304357958	9165469200
0,0209872000	0,00802718789	-0,000164068717	56217136700000	0,677141752	-3,40801160	56217136700000	0,591925233	0,0000100000000	0,0265997340	-0,0000000000000304731311	9165463560
0,0210856000	0,00795759356	-0,000163209388	55729503900000	0,671268160	-3,35405839	55729503900000	0,591700643	0,0000100000000	0,0265997340	-0,0000000000000307883752	9165455550
0,0211840000	0,00791438231	-0,000168162171	55426733900000	0,667621261	-3,32043939	55426733900000	0,591560208	0,0000100000000	0,0265997340	-0,0000000000000308199671	9165450580
0,0212824000	0,00784125579	-0,000173618942	54914359100000	0,661449649	-3,26333269	54914359100000	0,591320800	0,0000100000000	0,0265997340	-0,0000000000000309993729	9165442160
0,0213808000	0,00776117771	-0,000183095537	54353282100000	0,654691413	-3,20048236	54353282100000	0,591056068	0,0000100000000	0,0265997340	-0,0000000000000311819741	9165432950
0,0214792000	0,00773777857	-0,000192677463	54189334300000	0,652716643	-3,18205370	54189334300000	0,590978199	0,0000100000000	0,0265997340	-0,0000000000000312159280	9165430260
0,0215776000	0,00772486343	-0,000201768677	54098843500000	0,651626672	-3,17186952	54098843500000	0,590935118	0,0000100000000	0,0265997340	-0,0000000000000312159280	9165428770
0,0216760000	0,00768725827	-0,000212883106	53835361400000	0,648453000	-3,14216506	53835361400000	0,590809271	0,0000100000000	0,0265997340	-0,0000000000000312734862	9165424440
0,0217744000	0,00758433479	-0,000225730986	53114230100000	0,639766892	-3,06046895	53114230100000	0,590461670	0,0000100000000	0,0265997340	-0,0000000000000314428188	9165412600
0,0218728000	0,00747955768	-0,000241551750	52380120800000	0,630924463	-2,97668590	52380120800000	0,590102947	0,0000100000000	0,0265997340	-0,0000000000000316105060	9165400550
0,0219712000	0,00736841289	-0,000251878622	51601407500000	0,621544773	-2,88710347	51601407500000	0,589716910	0,0000100000000	0,0265997340	-0,0000000000000317493538	9165387760
0,0220696000	0,00728509709	-0,000261556660	51017679300000	0,614513701	-2,81945426	51017679300000	0,589423707	0,0000100000000	0,0265997340	-0,0000000000000319843815	9165378180
0,0221680000	0,00724607695	-0,000268648850	50744298000000	0,611220793	-2,78762042	50744298000000	0,589285238	0,0000100000000	0,0265997340	-0,0000000000000323005569	9165373690
0,0222664000	0,00716701413	-0,000272680402	50190375400000	0,604548732	-2,72281505	50190375400000	0,589002378	0,0000100000000	0,0265997340	-0,0000000000000324928358	9165364600
0,0223648000	0,00708249538	-0,000279011831	49598233900000	0,597416321	-2,65307566	49598233900000	0,588696539	0,0000100000000	0,0265997340	-0,0000000000000326858445	9165354880
0,0224632000	0,00704945918	-0,000288003525	49366782800000	0,594628466	-2,62568302	49366782800000	0,588576004	0,0000100000000	0,0265997340	-0,0000000000000327900388	9165351080
0,0225616000	0,00698174677	-0,000294298330	48892393500000	0,588914394	-2,56929764	48892393500000	0,588327183	0,0000100000000	0,0265997340	-0,0000000000000330534313	9165343290
0,0226600000	0,00694005061	-0,000300783613	48600274600000	0,585395789	-2,53441259	48600274600000	0,588172764	0,0000100000000	0,0265997340	-0,0000000000000331725149	9165338500
0,0227584000	0,00687081101	-0,000305604085	48115192500000	0,579552921	-2,47620036	48115192500000	0,587914285	0,0000100000000	0,0265997340	-0,0000000000000334232617	9165330530
0,0228568000	0,00680603114	-0,000312593416	47661358400000	0,574086438	-2,42140965	47661358400000	0,587670094	0,0000100000000	0,0265997340	-0,0000000000000334931179	9165323080
0,0229552000	0,00675042013	-0,000320585049	47271762400000	0,569393709	-2,37411409	47271762400000	0,587458610	0,0000100000000	0,0265997340	-0,0000000000000335646590	9165316690
0,0230536000	0,00669540773	-0,000327812863	46886362600000	0,564751526	-2,32708535	46886362600000	0,587247687	0,0000100000000	0,0265997340	-0,0000000000000336355772	9165310370
0,0231520000	0,00663098692	-0,000335498087	46435053800000	0,559315460	-2,27169936	46435053800000	0,586998485	0,0000100000000	0,0265997340	-0,0000000000000337722901	9165302960
0,0232504000	0,00655701468	-0,000340489422	45916835500000	0,553073462	-2,20767129	45916835500000	0,586709341	0,0000100000000	0,0265997340	-0,0000000000000338414846	9165294450
0,0233488000	0,00649989369	-0,000343703546	45516673300000	0,548253463	-2,15790517	45516673300000	0,586483831	0,0000100000000	0,0265997340	-0,0000000000000339813219	9165287890
0,0234472000	0,00640977355	-0,000344153077	44885340600000	0,540648990	-2,07879533	44885340600000	0,586123996	0,0000100000000	0,0265997340	-0,0000000000000342873912	9165277530
0,0235456000	0,00641291750	-0,000338848301	44907365200000	0,540914279	-2,08156766	44907365200000	0,586136634	0,0000100000000	0,0265997340	-0,0000000000000342873912	9165277890
0,0236440000	0,00634046224	-0,000333648816	44399788000000	0,534800454	-2,01744115	44399788000000	0,585843799	0,0000100000000	0,0265997340	-0,0000000000000344762198	9165269560
0,0237424000	0,00632572570	-0,000325086590	44296553300000	0,533556981	-2,00433759	44296553300000	0,585783832	0,0000100000000	0,0265997340	-0,0000000000000344762198	9165267870
0,0238408000	0,00633177009	-0,000317718635	44338896400000	0,534067008	-2,00971472	44338896400000	0,585808445	0,0000100000000	0,0265997340	-0,0000000000000344762198	9165268560
0,0239392000	0,00633293273	-0,000309407527	44347041100000	0,534165111	-2,01074860	44347041100000	0,585813177	0,0000100000000	0,0265997340	-0,0000000000000344762198	9165268700
0,0240376000	0,00632631313	-0,000299161574	44300668500000	0,533606548	-2,00486033	44300668500000	0,585786225	0,0000100000000	0,0265997340	-0,0000000000000344762198	9165267930
0,0241360000	0,00630671702	-0,000289387837	44163391200000	0,531953027	-1,98740437	44163391200000	0,585706274	0,0000100000000	0,0265997340	-0,0000000000000345756480	9165265680
0,0242344000	0,00632659315	-0,000284056660	44302630200000	0,533630177	-2,00510951	44302630200000	0,585787366	0,0000100000000	0,0265997340	-0,0000000000000344762198	9165267970
0,0243328000	0,00632481220	-0,000276617246	44290154000000	0,533479900	-2,00352464	44290154000000	0,585780110	0,0000100000000	0,0265997340	-0,0000000000000344762198	9165267760
0,0244312000	0,00629675345	-0,000271517578	44093593100000	0,531112302	-1,97851464	44093593100000	0,585665528	0,0000100000000	0,0265997340	-0,0000000000000345756480	9165264540
0,0245296000	0,00628213710	-0,000269148036	43991201000000	0,529878978	-1,96545603	43991201000000	0,585605639	0,0000100000000	0,0265997340	-0,0000000000000345756480	9165262860
0,0246280000	0,00622696845	-0,000267341108	43604729000000	0,525223878	-1,91597631	43604729000000	0,585378330	0,0000100000000	0,0265997340	-0,0000000000000346779720	9165256520
0,0247264000	0,00622286734	-0,000268342851	43575999700000	0,524877831	-1,91228593	43575999700000	0,585361352	0,0000100000000	0,0265997340	-0,0000000000000346779720	9165256040
0,0248248000	0,00616166175	-0,000269637612	43147240500000	0,519713378	-1,85700597	43147240500000	0,585106641	0,0000100000000	0,0265997340	-0,0000000000000348844931	9165249010
0,0249232000	0,00613283980	-0,000272515990	42945337300000	0,517281431	-1,83083993	42945337300000	0,584985821	0,0000100000000	0,0265997340	-0,0000000000000348844931	9165245700
0,0250216000	0,00609333405	-0,000273873504	42668593100000	0,513948017	-1,79483175	42668593100000	0,584819293	0,0000100000000	0,0265997340	-0,0000000000000349900767	9165241160
0,0251200000	0,00604061890	-0,000277025574	42299317200000	0,509500046	-1,74652133	42299317200000	0,584595399	0,0000100000000	0,0265997340	-0,0000000000000351014567	9165235100
0,0252184000	0,00595373421	-0,000282300898	41690684700000	0,502168999	-1,66622263	41690684700000	0,584222092	0,0000100000000	0,0265997340	-0,0000000000000353211438	9165225120
0,0253168000	0,00592708124	-0,000283864894	41503980400000	0,499920125	-1,64141725	41503980400000	0,584106487	0,0000100000000	0,0265997340	-0,0000000000000355757166	9165222050
0,0254152000	0,00586080581	-0,000283751632	41039722900000	0,494328091	-1,57937378	41039722900000	0,583816759	0,0000100000000	0,0265997340	-0,0000000000000357228586	9165214440
0,0255136000	0,00582211196	-0,000286253751	40768675400000	0,491063293	-1,54290649	40768675400000	0,583646091	0,0000100000000	0,0265997340	-0,0000000000000358636936	9165209990
0,0256120000	0,00579114259	-0,000284135974	40551738300000	0,488450261	-1,51358648	40551738300000	0,583508678	0,0000100000000	0,0265997340	-0,0000000000000358636936	9165206430
0,0257104000	0,00577927254	-0,000285911084	40468590000000	0,487448731	-1,50231689	40468590000000	0,583455815	0,0000100000000	0,0265997340	-0,0000000000000358636936	9165205070
0,0258088000	0,00575429088	-0,000286431131	40293597000000	0,485340920	-1,47854087	40293597000000	0,583344206	0,0000100000000	0,0265997340	-0,0000000000000358636936	9165202200
0,0259072000	0,00572444879	-0,000284940358	40084558000000	0,482823022	-1,45003457	40084558000000	0,583210247	0,0000100000000	0,0265997340	-0,0000000000000359959958	9165198770
0,0260056000	0,00569931126	-0,000285646732	39908474300000	0,480702074	-1,42593284	39908474300000	0,583096864	0,0000100000000	0,0265997340	-0,0000000000000359959958	9165195880
0,0261040000	0,00568724978	-0,000284267065	39823986100000	0,479684404	-1,41433898	39823986100000	0,583042284	0,0000100000000	0,0265997340	-0,0000000000000359959958	9165194500
0,0262024000	0,00566438990	-0,000284417216	39663857600000	0,477755639	-1,39231259	39663857600000	0,582938522	0,0000100000000	0,0265997340	-0,0000000000000361161593	9165191870
0,0263008000	0,00565105147	-0,000282243375	39570425100000	0,476630233	-1,37942829	39570425100000	0,582877786	0,0000100000000	0,0265997340	-0,0000000000000361161593	9165190340
0,0263992000	0,00560745386	-0,000283415943	39265035100000	0,472951776	-1,33714716	39265035100000	0,582678261	0,0000100000000	0,0265997340	-0,0000000000000361161593	9165185330
0,0264976000	0,00561979476	-0,000282895440	39351479700000	0,473993011	-1,34914170	39351479700000	0,582734896	0,0000100000000	0,0265997340	-0,0000000000000361161593	9165186750
0,0265960000	0,00560056751	-0,000283018783	39216798100000	0,472370756	-1,33044497	39216798100000	0,582646604	0,0000100000000	0,0265997340	-0,0000000000000362304029	9165184540
0,0266944000	0,00560262741	-0,000283906338	39231227100000	0,472544555	-1,33245047	39231227100000	0,582656078	0,0000100000000	0,0265997340	-0,0000000000000362304029	9165184770
0,0267928000	0,00559151594	-0,000283983606	39153394500000	0,471607052	-1,32162550	39153394500000	0,582604935	0,0000100000000	0,0265997340	-0,0000000000000362304029	9165183500
0,0268912000	0,00558848088	-0,000284674130	39132134800000	0,471350977	-1,31866573	39132134800000	0,582590948	0,0000100000000	0,0265997340	-0,0000000000000362304029	9165183150
0,0269896000	0,00555066845	-0,000288884839	38867270400000	0,468160656	-1,28168315	38867270400000	0,582416050	0,0000100000000	0,0265997340	-0,0000000000000363507430	9165178800
0,0270880000	0,00552197287	-0,000291606210	38666267700000	0,465739555	-1,25348220	38666267700000	0,582282527	0,0000100000000	0,0265997340	-0,0000000000000363507430	9165175510
0,0271864000	0,00550113907	-0,000293708788	38520334400000	0,463981773	-1,23293328	38520334400000	0,582185151	0,0000100000000	0,0265997340	-0,0000000000000364653409	9165173110
0,0272848000	0,00546398427	-0,000298985373	38260079400000	0,460846971	-1,19612913	38260079400000	0,582010575	0,0000100000000	0,0265997340	-0,0000000000000364653409	9165168850
0,0273832000	0,00547012506	-0,000301233797	38303093200000	0,461365077	-1,20222601	38303093200000	0,582039510	0,0000100000000	0,0265997340	-0,0000000000000364653409	9165169550
0,0274816000	0,00541890375	-0,000304431040	37944309400000	0,457043486	-1,15119815	37944309400000	0,581797163	0,0000100000000	0,0265997340	-0,0000000000000366833618	9165163670
0,0275800000	0,00535277445	-0,000306864250	37481104700000	0,451464133	-1,08472589	37481104700000	0,581480880	0,0000100000000	0,0265997340	-0,0000000000000367907203	9165156070
0,0276784000	0,00533527005	-0,000309262509	37358495200000	0,449987288	-1,06701610	37358495200000	0,581396508	0,0000100000000	0,0265997340	-0,0000000000000369009640	9165154060
0,0277768000	0,00532562888	-0,000309503239	37290963800000	0,449173864	-1,05724097	37290963800000	0,581349919	0,0000100000000	0,0265997340	-0,0000000000000369009640	9165152950
0,0278752000	0,00530755167	-0,000308762794	37164342500000	0,447648697	-1,03887234	37164342500000	0,581262337	0,0000100000000	0,0265997340	-0,0000000000000369009640	9165150880
0,0279736000	0,00527514544	-0,000309505711	36937354700000	0,444914604	-1,00581083	36937354700000	0,581104586	0,0000100000000	0,0265997340	-0,0000000000000370049769	9165147160
0,0280720000	0,00524128918	-0,000310549199	36700211300000	0,442058184	-0,971084891	36700211300000	0,580938740	0,0000100000000	0,0265997340	-0,0000000000000370049769	9165143270
0,0281704000	0,00519284134	-0,000312303908	36360864000000	0,437970708	-0,921056412	36360864000000	0,580699549	0,0000100000000	0,0265997340	-0,0000000000000371974931	9165137700
0,0282688000	0,00515519346	-0,000314926340	36097165200000	0,434794426	-0,881900719	36097165200000	0,580512137	0,0000100000000	0,0265997340	-0,0000000000000371974931	9165133380
0,0283672000	0,00511451668	-0,000318095877	35812252300000	0,431362618	-0,839313353	35812252300000	0,580308106	0,0000100000000	0,0265997340	-0,0000000000000372874957	9165128710
0,0284656000	0,00509181741	-0,000318408517	35653260200000	0,429447540	-0,815418309	35653260200000	0,580193543	0,0000100000000	0,0265997340	-0,0000000000000373694397	9165126100
0,0285640000	0,00507595674	-0,000317515303	35542167700000	0,428109419	-0,798666166	35542167700000	0,580113192	0,0000100000000	0,0265997340	-0,0000000000000373694397	9165124280
0,0286624000	0,00507734783	-0,000316033489	35551911400000	0,428226782	-0,800137308	35551911400000	0,580120250	0,0000100000000	0,0265997340	-0,0000000000000373694397	9165124440
0,0287608000	0,00504227657	-0,000312773548	35306263500000	0,425267926	-0,762938186	35306263500000	0,579941733	0,0000100000000	0,0265997340	-0,0000000000000374396598	9165120410
0,0288592000	0,00498810232	-0,000311434693	34926815800000	0,420697435	-0,705019467	34926815800000	0,579663532	0,0000100000000	0,0265997340	-0,0000000000000375023050	9165114190
0,0289576000	0,00495714636	-0,000308516432	34709994900000	0,418085803	-0,671668459	34709994900000	0,579503207	0,0000100000000	0,0265997340	-0,0000000000000375023050	9165110640
0,0290560000	0,00493213785	-0,000306336130	34534831600000	0,415975941	-0,644586425	34534831600000	0,579372954	0,0000100000000	0,0265997340	-0,0000000000000375492292	9165107760
0,0291544000	0,00493211646	-0,000304272517	34534681800000	0,415974137	-0,644563205	34534681800000	0,579372842	0,0000100000000	0,0265997340	-0,0000000000000375492292	9165107760
0,0292528000	0,00493547422	-0,000303256978	34558200000000	0,416257416	-0,648206660	34558200000000	0,579390369	0,0000100000000	0,0265997340	-0,0000000000000375023050	9165108150
0,0293512000	0,00491950334	-0,000303234279	34446337800000	0,414910023	-0,630856583	34446337800000	0,579306898	0,0000100000000	0,0265997340	-0,0000000000000376009850	9165106310
0,0294496000	0,00491060746	-0,000303553590	34384030000000	0,414159519	-0,621170086	34384030000000	0,579260287	0,0000100000000	0,0265997340	-0,0000000000000376009850	9165105290
0,0295480000	0,00487885400	-0,000304351028	34161625400000	0,411480631	-0,586462282	34161625400000	0,579093221	0,0000100000000	0,0265997340	-0,0000000000000376009850	9165101650
0,0296464000	0,00485402399	-0,000304656465	33987714000000	0,409385849	-0,559176213	33987714000000	0,578961824	0,0000100000000	0,0265997340	-0,0000000000000379946984	9165098800
0,0297448000	0,00484017850	-0,000303894573	33890739400000	0,408217778	-0,543904813	33890739400000	0,578888265	0,0000100000000	0,0265997340	-0,0000000000000381783498	9165097210
0,0298432000	0,00485112753	-0,000302663849	33967427000000	0,409141489	-0,555984814	33967427000000	0,578946453	0,0000100000000	0,0265997340	-0,0000000000000380808854	9165098460
0,0299416000	0,00482945314	-0,000301126994	33815618400000	0,407312937	-0,532046835	33815618400000	0,578831138	0,0000100000000	0,0265997340	-0,0000000000000382876456	9165095970
