Time_(s)	Photoconductance_Signal_(V)	Reference_Voltage_(V)	Apparent_Carrier_Density_(cm-3)	Tau_(s)	Inverse_Tau_Auger_Corrected_(s-1)	Minority_Carrier_Density_(cm-3)	Implied_Voc_(V)	Implied_Suns_(suns)	Photogeneration_(A/cm2)	Jo_(A/cm2)	ni_(cm-3)
0,000230400000	0,369842401	0,00309522281	3031099770000000	-0,0000109425755	-91596,7118	3031099770000000	0,694797087	-25,0237742	0,692232393	-0,0000000000101384923	9138447930
0,000235600000	0,358360279	0,00267079372	2934670960000000	0,000153667244	6304,00739	2934670960000000	0,693815841	1,72524289	-0,0192914608	-0,00000000000787043024	9136435380
0,000240800000	0,348226565	0,00220532675	2849690280000000	0,000154445675	6277,34683	2849690280000000	0,692927291	1,66684051	-0,0177379575	-0,00000000000704069251	9134662750
0,000246000000	0,336269100	0,00190512420	2749565230000000	0,000152464491	6368,69172	2749565230000000	0,691849915	1,62917394	-0,0167360268	-0,00000000000637100704	9132575640
0,000251200000	0,326380501	0,00161577235	2666885930000000	0,000151250411	6427,27383	2666885930000000	0,690933814	1,59286881	-0,0157703104	-0,00000000000533962584	9130853530
0,000256400000	0,317775900	0,00129025152	2595032250000000	0,000153222360	6347,32739	2595032250000000	0,690117014	1,53000463	-0,0140981232	-0,00000000000492164929	9129358030
0,000261600000	0,307350449	0,00108253823	2508085590000000	0,000155452842	6259,89031	2508085590000000	0,689101387	1,45752436	-0,0121701479	-0,00000000000454221070	9127549950
0,000266800000	0,298502096	0,000897688895	2434388130000000	0,000158675217	6134,49873	2434388130000000	0,688215723	1,38596689	-0,0102667193	-0,00000000000419919975	9126018880
0,000272000000	0,289971125	0,000622158761	2363417980000000	0,000165391848	5883,60386	2363417980000000	0,687339974	1,29091774	-0,00773841191	-0,00000000000391556994	9124545870
0,000277200000	0,281736129	0,000538934469	2294988150000000	0,000170893105	5693,81507	2294988150000000	0,686473066	1,21318782	-0,00567079600	0,000000000000358899142	9123127020
0,000282400000	0,274152616	0,000400868737	2232039730000000	0,000177044567	5494,94817	2232039730000000	0,685654951	1,13891536	-0,00369514860	0,000000000000369479133	9121823160
0,000287600000	0,267730876	0,000219026064	2178785680000000	0,000185106750	5252,69729	2178785680000000	0,684946534	1,06332099	-0,00168433845	0,000000000000386804689	9120721160
0,000292800000	0,259820720	0,000155044383	2113252600000000	0,000190038415	5117,11623	2113252600000000	0,684053139	1,00457449	-0,000121681553	0,000000000000390302538	9119366510
0,000298000000	0,253220055	0,0000966751302	2058622380000000	0,000194189020	5008,48174	2058622380000000	0,683289144	0,957688239	0,00112549285	0,000000000000383640876	9118238510
0,000303200000	0,246703128	-0,0000856165365	2004733520000000	0,000197161556	4934,62146	2004733520000000	0,682517421	0,918557931	0,00216635905	0,000000000000381682563	9117127040
0,000308400000	0,241413414	-0,000127934245	1961027860000000	0,000201145559	4837,22254	1961027860000000	0,681877664	0,880735393	0,00317243855	0,000000000000373154983	9116226520
0,000313600000	0,236725179	-0,000184742881	1922318280000000	0,000205214311	4741,35910	1922318280000000	0,681300195	0,846232668	0,00409021102	0,000000000000359371722	9115429660
0,000318800000	0,230270416	-0,000298150139	1869063570000000	0,000204726363	4756,69070	1869063570000000	0,680488309	0,824750208	0,00466164446	0,000000000000343247669	9114334550
0,000324000000	0,225034781	-0,000310750945	1825901790000000	0,000208425550	4673,00622	1825901790000000	0,679814770	0,791404640	0,00554863656	0,000000000000342247898	9113448010
0,000329200000	0,218794232	-0,000389505985	1774496110000000	0,000213694370	4558,28740	1774496110000000	0,678993474	0,750160352	0,00664573462	0,000000000000331993435	9112393400
0,000334400000	0,212258548	-0,000466882813	1720706480000000	0,000212605212	4585,99691	1720706480000000	0,678110603	0,731147536	0,00715147555	0,000000000000325945266	9111291410
0,000339600000	0,208648318	-0,000396692383	1691014450000000	0,000210673439	4631,18596	1691014450000000	0,677612433	0,725119643	0,00731181749	0,000000000000322764632	9110683800
0,000344800000	0,203438968	-0,000482141602	1648196540000000	0,000214263477	4554,62092	1648196540000000	0,676879808	0,694917079	0,00811520570	0,000000000000333222263	9109808490
0,000350000000	0,197501542	-0,000586918620	1599431650000000	0,000217332217	4492,09447	1599431650000000	0,676023951	0,664834745	0,00891539579	0,000000000000336889082	9108812960
0,000355200000	0,193947446	-0,000545488696	1570260420000000	0,000221037505	4416,97875	1570260420000000	0,675500495	0,641767690	0,00952897945	0,000000000000343016944	9108218140
0,000360400000	0,190641930	-0,000560285097	1543142290000000	0,000229261888	4256,55591	1543142290000000	0,675005830	0,608059731	0,0104256111	0,000000000000344288117	9107665680
0,000365600000	0,184982655	-0,000682660041	1496742790000000	0,000230547962	4235,42399	1496742790000000	0,674140657	0,586486503	0,0109994590	0,000000000000357396967	9106721530
0,000370800000	0,181518730	-0,000633831916	1468360470000000	0,000230703848	4234,44820	1468360470000000	0,673599212	0,574976349	0,0113056291	0,000000000000364692945	9106144730
0,000376000000	0,178425325	-0,000636704159	1443025520000000	0,000239825961	4071,32085	1443025520000000	0,673107708	0,543563084	0,0121412220	0,000000000000360624278	9105630330
0,000381200000	0,174395650	-0,000680854632	1410038750000000	0,000247562641	3943,28050	1410038750000000	0,672455712	0,514538738	0,0129132696	0,000000000000361513644	9104961250
0,000386400000	0,170439177	-0,000630631417	1377669050000000	0,000246027801	3970,70381	1377669050000000	0,671802095	0,505862924	0,0131440462	0,000000000000360960600	9104305470
0,000391600000	0,166753351	-0,000708756417	1347529530000000	0,000249617170	3914,32575	1347529530000000	0,671180639	0,487681151	0,0136276814	0,000000000000349258819	9103695570
0,000396800000	0,163569447	-0,000776805773	1321506650000000	0,000253682012	3851,91852	1321506650000000	0,670633641	0,470599883	0,0140820431	0,000000000000347732422	9103169550
0,000402000000	0,159663197	-0,000692712891	1289595480000000	0,000253520087	3856,62276	1289595480000000	0,669949099	0,459529357	0,0143765191	0,000000000000337703332	9102525220
0,000407200000	0,157227216	-0,000768667752	1269704040000000	0,000257789058	3792,66464	1269704040000000	0,669514413	0,444948920	0,0147643587	0,000000000000337667193	9102124000
0,000412400000	0,154619091	-0,000857012933	1248414350000000	0,000262937270	3718,16934	1248414350000000	0,669042116	0,428922411	0,0151906639	0,000000000000329561288	9101694940
0,000417600000	0,151676206	-0,000727684386	1224401310000000	0,000271043230	3606,07129	1224401310000000	0,668500346	0,408091317	0,0157447710	0,000000000000319891132	9101211450
0,000422800000	0,148429588	-0,000735116262	1197921220000000	0,000273159983	3579,29079	1197921220000000	0,667891344	0,396171578	0,0160618360	0,000000000000306732851	9100678850
0,000428000000	0,145158103	-0,000822492907	1171250360000000	0,000278217341	3514,56593	1171250360000000	0,667265158	0,380309940	0,0164837556	0,000000000000306182462	9100143030
0,000433200000	0,143559625	-0,000789084190	1158223120000000	0,000282625087	3459,39907	1158223120000000	0,666954457	0,370214695	0,0167522891	0,000000000000312698278	9099881540
0,000438400000	0,140266329	-0,000792247145	1131392590000000	0,000277288165	3529,32948	1131392590000000	0,666304146	0,368598979	0,0167952672	0,000000000000317957939	9099343460
0,000443600000	0,138027747	-0,000869871344	1113161810000000	0,000281624562	3475,04235	1113161810000000	0,665854009	0,357075379	0,0171017949	0,000000000000314723866	9098978210
0,000448800000	0,135829230	-0,000839823267	1095262830000000	0,000284845304	3436,11281	1095262830000000	0,665405313	0,347361289	0,0173601897	0,000000000000306754071	9098619920
0,000454000000	0,132982425	-0,000826990234	1072093990000000	0,000287366075	3406,89503	1072093990000000	0,664814218	0,337030727	0,0176349827	0,000000000000301148561	9098156580
0,000459200000	0,131178226	-0,000839197266	1057415170000000	0,000288724197	3391,52529	1057415170000000	0,664433507	0,330852552	0,0177993221	0,000000000000298667114	9097863300
0,000464400000	0,128185597	-0,000807637624	1033075500000000	0,000285254003	3435,31585	1033075500000000	0,663791181	0,327169226	0,0178972986	0,000000000000303306413	9097377440
0,000469600000	0,126365857	-0,000848129240	1018280100000000	0,000286619953	3419,61505	1018280100000000	0,663393759	0,320946742	0,0180628167	0,000000000000308747950	9097082390
0,000474800000	0,124407968	-0,000874329697	1002365670000000	0,000287462994	3410,46487	1002365670000000	0,662960181	0,315004222	0,0182208877	0,000000000000307780381	9096765260
0,000480000000	0,121666391	-0,000845010138	980088409000000	0,000285650696	3434,04905	980088409000000	0,662342264	0,309957465	0,0183551314	0,000000000000304516583	9096321770
0,000485200000	0,119476100	-0,000882212519	962296839000000	0,000277582311	3537,01324	962296839000000	0,661839209	0,313176673	0,0182695005	0,000000000000301317380	9095967940
0,000490400000	0,117741918	-0,000944234511	948214040000000	0,000286902244	3420,94204	948214040000000	0,661434774	0,298568902	0,0186580672	0,000000000000297577004	9095688100
0,000495600000	0,115141536	-0,000882915471	927103447000000	0,000300701520	3262,42374	927103447000000	0,660817787	0,278525336	0,0191912261	0,000000000000307132571	9095269010
0,000500800000	0,113161313	-0,000883586470	911032583000000	0,000298643539	3286,43062	911032583000000	0,660339149	0,275583315	0,0192694838	0,000000000000319410666	9094950280
0,000506000000	0,111616569	-0,000903561612	898499000000000	0,000307803397	3187,63402	898499000000000	0,659960299	0,263703761	0,0195854800	0,000000000000324253690	9094701900
0,000511200000	0,108886633	-0,000868050249	876355717000000	0,000308831209	3178,32275	876355717000000	0,659278612	0,256348852	0,0197811205	0,000000000000331050449	9094263500
0,000516400000	0,106447052	-0,000899418620	856574698000000	0,000299138748	3284,57872	856574698000000	0,658655736	0,258681103	0,0197190827	0,000000000000318968782	9093872320
0,000521600000	0,106355906	-0,000921120009	855835784000000	0,000310904703	3158,11809	855835784000000	0,658632205	0,248676808	0,0199851969	0,000000000000324232651	9093857720
0,000526800000	0,104750428	-0,000880595024	842821809000000	0,000321063777	3057,22590	842821809000000	0,658214603	0,237146429	0,0202919050	0,000000000000324487139	9093600610
0,000532000000	0,103026582	-0,000937914997	828851591000000	0,000322328523	3045,95075	828851591000000	0,657759464	0,232300514	0,0204208063	0,000000000000328191997	9093324830
0,000537200000	0,101893869	-0,000981006607	819673793000000	0,000333957561	2938,53978	819673793000000	0,657456484	0,221728697	0,0207020167	0,000000000000325112115	9093143770
0,000542400000	0,0992301392	-0,000897894905	798096649000000	0,000352044744	2786,15575	798096649000000	0,656731305	0,204799908	0,0211523225	0,000000000000327536722	9092718480
0,000547600000	0,0975938343	-0,000926680990	784845977000000	0,000341262364	2876,80105	784845977000000	0,656276687	0,207762984	0,0210735046	0,000000000000320186362	9092457580
0,000552800000	0,0964484079	-0,000971440104	775572199000000	0,000315652519	3115,17226	775572199000000	0,655954155	0,221965311	0,0206957227	0,000000000000315952872	9092275110
0,000558000000	0,0948046107	-0,000944327208	762266021000000	0,000317468952	3097,94594	762266021000000	0,655484917	0,216908932	0,0208302224	0,000000000000311166231	9092013470
0,000563200000	0,0936725954	-0,000934362285	753104378000000	0,000324456593	3030,72753	753104378000000	0,655157284	0,209686612	0,0210223361	0,000000000000303520381	9091833450
0,000568400000	0,0921738311	-0,000972986328	740976780000000	0,000333674533	2946,40346	740976780000000	0,654717701	0,200610505	0,0212637606	0,000000000000300800664	9091595300
0,000573600000	0,0911406279	-0,000963220703	732617854000000	0,000352234933	2789,05045	732617854000000	0,654410713	0,187895859	0,0216019702	0,000000000000285667421	9091431270
0,000578800000	0,0891732566	-0,000964139821	716704554000000	0,000351217219	2798,35255	716704554000000	0,653816944	0,184347180	0,0216963650	0,000000000000268904009	9091119220
0,000584000000	0,0872163020	-0,000977543620	700879843000000	0,000345552141	2846,10032	700879843000000	0,653213880	0,183232335	0,0217260199	0,000000000000289956406	9090809220
0,000589200000	0,0866280077	-0,000944365535	696123508000000	0,000340524171	2889,15150	696123508000000	0,653030080	0,184676013	0,0216876181	0,000000000000296129619	9090716110
0,000594400000	0,0854843028	-0,000970657602	686877816000000	0,000343857345	2861,30976	686877816000000	0,652669340	0,180456828	0,0217998484	0,000000000000295079857	9090535190
0,000599600000	0,0842451385	-0,000982457142	676862097000000	0,000344677225	2855,06864	676862097000000	0,652273283	0,177402503	0,0218810934	0,000000000000290515216	9090339320
0,000604800000	0,0831672347	-0,000930865161	668151197000000	0,000338759249	2906,34081	668151197000000	0,651924242	0,178178674	0,0218604473	0,000000000000272057825	9090169080
0,000610000000	0,0820138195	-0,000943183087	658831517000000	0,000360856916	2726,20275	658831517000000	0,651545956	0,164934485	0,0222127427	0,000000000000248241979	9089987050
0,000615200000	0,0805471673	-0,000981160518	646983026000000	0,000371429685	2648,12097	646983026000000	0,651057564	0,157357849	0,0224142812	0,000000000000248837543	9089755780
0,000620400000	0,0790060399	-0,000944399680	634535494000000	0,000355326754	2770,97278	634535494000000	0,650535167	0,161324433	0,0223087701	0,000000000000265666377	9089513020
0,000625600000	0,0785728012	-0,000953277521	631036752000000	0,000351515225	2801,72495	631036752000000	0,650386564	0,162174530	0,0222861575	0,000000000000265666377	9089444820
0,000630800000	0,0769479661	-0,00101183956	617916816000000	0,000349533227	2818,74197	617916816000000	0,649822195	0,159703224	0,0223518943	0,000000000000311471768	9089189230
0,000636000000	0,0754447574	-0,00100137639	605781621000000	0,000341392184	2887,78521	605781621000000	0,649289859	0,160300418	0,0223360089	0,000000000000322729977	9088953020
0,000641200000	0,0750940270	-0,000970690550	602950590000000	0,000344369372	2862,65253	602950590000000	0,649164198	0,158171903	0,0223926274	0,000000000000344081495	9088897950
0,000646400000	0,0740835832	-0,000969686220	594795250000000	0,000363436491	2710,85659	594795250000000	0,648799017	0,147846516	0,0226672827	0,000000000000337380198	9088739350
0,000651600000	0,0727366004	-0,000989890962	583925478000000	0,000357646898	2756,13168	583925478000000	0,648304738	0,147494252	0,0226766529	0,000000000000383721321	9088528110
0,000656800000	0,0715630988	-0,00100513013	574457318000000	0,000344032190	2867,42147	574457318000000	0,647866936	0,150844966	0,0225875239	0,000000000000404266273	9088344230
0,000662000000	0,0708033663	-0,00100016456	568328399000000	0,000357187338	2760,78162	568328399000000	0,647579823	0,143739271	0,0227765354	0,000000000000410135907	9088225270
0,000667200000	0,0692340524	-0,000984054036	555670481000000	0,000362257477	2722,45193	555670481000000	0,646977306	0,138570921	0,0229140135	0,000000000000428030856	9087979750
0,000672400000	0,0685130238	-0,00101172331	549855673000000	0,000359373665	2744,99579	549855673000000	0,646696079	0,138221180	0,0229233166	0,000000000000379045249	9087867040
0,000677600000	0,0678426643	-0,00101649939	544450017000000	0,000361892677	2725,99166	544450017000000	0,646432060	0,135909669	0,0229848028	0,000000000000377497651	9087762300
0,000682800000	0,0665906657	-0,000975443485	534355487000000	0,000366262632	2693,70384	534355487000000	0,645932198	0,131798296	0,0230941653	0,000000000000399310716	9087566820
0,000688000000	0,0652549802	-0,000978593687	523588162000000	0,000367389806	2686,05363	523588162000000	0,645388886	0,128746328	0,0231753477	0,000000000000428474423	9087358460
0,000693200000	0,0645739117	-0,000999245009	518098657000000	0,000377471143	2613,72855	518098657000000	0,645107728	0,123994049	0,0233017583	0,000000000000436037357	9087252300
0,000698400000	0,0642101470	-0,00100856982	515166878000000	0,000380923872	2589,91368	515166878000000	0,644956391	0,122174868	0,0233501485	0,000000000000459959121	9087195620
0,000703600000	0,0632656279	-0,000999414551	507555180000000	0,000368184181	2681,26272	507555180000000	0,644559563	0,124534670	0,0232873778	0,000000000000474609891	9087048530
0,000708800000	0,0622124428	-0,000984554838	499068949000000	0,000392477065	2513,72291	499068949000000	0,644110310	0,114873116	0,0235443751	0,000000000000482709692	9086884630
0,000714000000	0,0613876231	-0,000963521184	492423687000000	0,000432222596	2279,87436	492423687000000	0,643753335	0,102920906	0,0238623039	0,000000000000523587486	9086756350
0,000719200000	0,0607561582	-0,000989380741	487336731000000	0,000420321244	2345,72756	487336731000000	0,643476909	0,104741777	0,0238138687	0,000000000000543987675	9086658210
0,000724400000	0,0598024749	-0,000989689919	479654900000000	0,000375066139	2633,30964	479654900000000	0,643054146	0,115529571	0,0235269134	0,000000000000556592364	9086510060
0,000729600000	0,0587486620	-0,000951793464	471167726000000	0,000353849125	2793,74909	471167726000000	0,642579379	0,120290005	0,0234002859	0,000000000000560691685	9086346490
0,000734800000	0,0580381463	-0,000946906365	465446099000000	0,000363153681	2721,72708	465446099000000	0,642254622	0,115784674	0,0235201277	0,000000000000549055280	9086236280
0,000740000000	0,0583431868	-0,000988866084	467902454000000	0,000384126391	2571,21600	467902454000000	0,642394514	0,110040691	0,0236729176	0,000000000000551650788	9086283590
0,000745200000	0,0573269957	-0,000971882388	459719929000000	0,000408476561	2416,57921	459719929000000	0,641925715	0,101671288	0,0238955437	0,000000000000533743936	9086126030
0,000750400000	0,0560376703	-0,000965452846	449339762000000	0,000433993540	2273,34056	449339762000000	0,641319239	0,0935327536	0,0241120288	0,000000000000540856459	9085926290
0,000755600000	0,0545838498	-0,000964706179	437637518000000	0,000441836833	2233,22749	437637518000000	0,640619021	0,0894797502	0,0242198386	0,000000000000515924763	9085701310
0,000760800000	0,0539787898	-0,000958554904	432767908000000	0,000444911912	2217,91314	432767908000000	0,640322278	0,0878725338	0,0242625906	0,000000000000514227223	9085607750
0,000766000000	0,0532924834	-0,000958554904	427244915000000	0,000410103483	2409,05892	427244915000000	0,639981774	0,0941142920	0,0240965598	0,000000000000526842021	9085501680
0,000771200000	0,0530023574	-0,000979327296	424910311000000	0,000382183431	2587,35218	424910311000000	0,639836554	0,100437883	0,0239283523	0,000000000000526842021	9085456860
0,000776400000	0,0531516077	-0,000994259554	426111296000000	0,000391834830	2522,82224	426111296000000	0,639911355	0,0982408574	0,0239867932	0,000000000000526842021	9085479910
0,000781600000	0,0526963184	-0,000991620196	422447759000000	0,000427653170	2309,31726	422447759000000	0,639682534	0,0892387441	0,0242262494	0,000000000000532182108	9085409590
0,000786800000	0,0517799508	-0,000981449870	415074813000000	0,000480981290	2050,55444	415074813000000	0,639216128	0,0779597311	0,0245262712	0,000000000000524956131	9085268120
0,000792000000	0,0511832369	-0,000977971937	410274258000000	0,000517474253	1904,25886	410274258000000	0,638908105	0,0716238491	0,0246948056	0,000000000000520388837	9085176050
0,000797200000	0,0503914903	-0,000984730443	403905288000000	0,000490839940	2009,54958	403905288000000	0,638493997	0,0743381550	0,0246226051	0,000000000000465932798	9085053960
0,000802400000	0,0494758045	-0,000966974762	396540206000000	0,000420970005	2348,18901	396540206000000	0,638007135	0,0850958164	0,0243364513	0,000000000000416567117	9084912850
0,000807600000	0,0484293899	-0,000960015575	388124800000000	0,000373124049	2653,36497	388124800000000	0,637439961	0,0939702293	0,0241003919	0,000000000000423948737	9084751720
0,000812800000	0,0481474515	-0,000966830276	385857624000000	0,000369559445	2679,36887	385857624000000	0,637285115	0,0943224155	0,0240910237	0,000000000000423948737	9084708330
0,000818000000	0,0481447783	-0,000978357422	385836129000000	0,000390734278	2532,72973	385836129000000	0,637283642	0,0892058864	0,0242271234	0,000000000000423948737	9084707910
0,000823200000	0,0478528193	-0,000955842231	383488469000000	0,000419443238	2357,71707	383488469000000	0,637122354	0,0825945224	0,0244029857	0,000000000000466713397	9084662990
0,000828400000	0,0467400203	-0,000930523944	374541269000000	0,000453844244	2177,60770	374541269000000	0,636498728	0,0745529752	0,0246168909	0,000000000000581267392	9084491870
0,000833600000	0,0460173905	-0,000931494331	368731880000000	0,000501055224	1970,38904	368731880000000	0,636085995	0,0664809517	0,0248316067	0,000000000000632953915	9084380820
0,000838800000	0,0450356769	-0,000947736893	360840601000000	0,000513891967	1921,06850	360840601000000	0,635515088	0,0634330658	0,0249126804	0,000000000000674956886	9084230070
0,000844000000	0,0445888701	-0,000958942429	357249407000000	0,000481624418	2051,68357	357249407000000	0,635251238	0,0670093112	0,0248175523	0,000000000000656967323	9084161500
0,000849200000	0,0443272088	-0,000926226218	355146418000000	0,000440878236	2243,71896	355146418000000	0,635095525	0,0727714306	0,0246642799	0,000000000000656967323	9084121350
0,000854400000	0,0442408278	-0,000953318814	354452185000000	0,000434857200	2275,17139	354452185000000	0,635043924	0,0736348026	0,0246413143	0,000000000000656967323	9084108100
0,000859600000	0,0438854045	-0,000960132040	351595783000000	0,000444333969	2226,31838	351595783000000	0,634830572	0,0714835768	0,0246985369	0,000000000000622968719	9084053590
0,000864800000	0,0435491678	-0,000957338878	348893707000000	0,000463463381	2133,60935	348893707000000	0,634627185	0,0680064094	0,0247910295	0,000000000000590097700	9084002030
0,000870000000	0,0430363577	-0,000939072976	344772893000000	0,000497500989	1986,26637	344772893000000	0,634314032	0,0626053285	0,0249346983	0,000000000000589485505	9083923430
0,000875200000	0,0427007578	-0,000926703849	342076256000000	0,000484188149	2041,71525	342076256000000	0,634107124	0,0638235430	0,0249022938	0,000000000000587194787	9083872000
0,000880400000	0,0418333363	-0,000908099175	335106875000000	0,000457839607	2161,04461	335106875000000	0,633564911	0,0661214109	0,0248411705	0,000000000000613351426	9083739160
0,000885600000	0,0411588285	-0,000917805181	329688065000000	0,000447124517	2213,75347	329688065000000	0,633135670	0,0666111413	0,0248281436	0,000000000000636304302	9083635920
0,000890800000	0,0403355158	-0,000908193529	323074492000000	0,000438723357	2257,02800	323074492000000	0,632602353	0,0665248722	0,0248304384	0,000000000000572258366	9083509990
0,000896000000	0,0400013890	-0,000898788580	320390709000000	0,000461940339	2142,65056	320390709000000	0,632382885	0,0626565039	0,0249333370	0,000000000000553630845	9083458900
0,000901200000	0,0397574830	-0,000924906208	318431680000000	0,000472443664	2094,65585	318431680000000	0,632221546	0,0608889343	0,0249803543	0,000000000000591472020	9083421620
0,000906400000	0,0391003319	-0,000940194387	313153840000000	0,000455359773	2174,42419	313153840000000	0,631782008	0,0621262605	0,0249474415	0,000000000000684067271	9083321210
0,000911600000	0,0390468779	-0,000920663137	312724551000000	0,000462232962	2141,79876	312724551000000	0,631745939	0,0611185723	0,0249742460	0,000000000000684067271	9083313050
0,000916800000	0,0385809762	-0,000924646484	308983034000000	0,000468167164	2114,62985	308983034000000	0,631429510	0,0596219009	0,0250140574	0,000000000000707388066	9083241900
0,000922000000	0,0383683180	-0,000925527404	307275321000000	0,000465697434	2126,07320	307275321000000	0,631283837	0,0596068224	0,0250144585	0,000000000000707388066	9083209430
0,000927200000	0,0383413613	-0,000908453484	307058854000000	0,000486193509	2035,56510	307058854000000	0,631265315	0,0570538036	0,0250823688	0,000000000000707388066	9083205320
0,000932400000	0,0377980616	-0,000932167988	302696232000000	0,000527044491	1876,43917	302696232000000	0,630889283	0,0518838114	0,0252198906	0,000000000000584642099	9083122400
0,000937600000	0,0369423857	-0,000937830078	295825948000000	0,000520136201	1902,10459	295825948000000	0,630286219	0,0513796708	0,0252333008	0,000000000000293680436	9082991890
0,000942800000	0,0364140268	-0,000913406347	291584127000000	0,000484201260	2045,07537	291584127000000	0,629906995	0,0544014027	0,0251529227	0,000000000000262032344	9082911350
0,000948000000	0,0356796521	-0,000916269110	285688875000000	0,000443928411	2232,83317	285688875000000	0,629370882	0,0581369875	0,0250535561	0,000000000000185931478	9082799460
0,000953200000	0,0352581947	-0,000914335691	282305866000000	0,000410537743	2416,27651	282305866000000	0,629058318	0,0621210728	0,0249475795	0,000000000000164579863	9082735280
0,000958400000	0,0355040219	-0,000890842398	284279079000000	0,000407666486	2433,29876	284279079000000	0,629241071	0,0629958622	0,0249243101	0,000000000000185931478	9082772710
0,000963600000	0,0351722499	-0,000906859096	281616019000000	0,000443654062	2234,50205	281616019000000	0,628994131	0,0573436095	0,0250746600	0,000000000000164579863	9082722190
0,000968800000	0,0348725339	-0,000914282024	279210370000000	0,000514748606	1923,35248	279210370000000	0,628769086	0,0490014012	0,0252965627	0,000000000000147826479	9082676570
0,000974000000	0,0341758203	-0,000904301432	273618642000000	0,000578867572	1708,54633	273618642000000	0,628238558	0,0427010540	0,0254641520	0,000000000000191304956	9082570560
0,000979200000	0,0336041099	-0,000931253960	269030580000000	0,000637441781	1550,11719	269030580000000	0,627795256	0,0381270546	0,0255858203	0,000000000000512870997	9082483610
0,000984400000	0,0333073538	-0,000917766158	266649213000000	0,000606283812	1630,90045	266649213000000	0,627562235	0,0397316379	0,0255431384	0,000000000000569807424	9082438500
0,000989600000	0,0328954140	-0,000904521379	263343701000000	0,000546634597	1811,10763	263343701000000	0,627235380	0,0435209087	0,0254423438	0,000000000000689191096	9082375900
0,000994800000	0,0327994937	-0,000933365792	262574040000000	0,000529615335	1869,94705	262574040000000	0,627158696	0,0447881752	0,0254086345	0,000000000000714426223	9082361320
0,00100000000	0,0328271254	-0,000919353170	262795755000000	0,000549104781	1802,91521	262795755000000	0,627180809	0,0432349792	0,0254499496	0,000000000000714426223	9082365520
0,00100520000	0,0325304648	-0,000899589947	260415414000000	0,000620316352	1594,01125	260415414000000	0,626942445	0,0379250002	0,0255911950	0,000000000000714426223	9082320450
0,00101040000	0,0323926660	-0,000925177225	259309780000000	0,000675293022	1462,84421	259309780000000	0,626831001	0,0346895582	0,0256772578	0,000000000000738353323	9082299520
0,00101560000	0,0321014981	-0,000918332503	256973654000000	0,000709226036	1392,15173	256973654000000	0,626593985	0,0327322654	0,0257293217	0,000000000000744464822	9082255310
0,00102080000	0,0317085901	-0,000894232356	253821388000000	0,000692241259	1426,96091	253821388000000	0,626270792	0,0331240070	0,0257189014	0,000000000000745048017	9082195660
0,00102600000	0,0312696655	-0,000915722016	250300141000000	0,000589238034	1679,72377	250300141000000	0,625905076	0,0383744758	0,0255792389	0,000000000000606911218	9082129050
0,00103120000	0,0309568714	-0,000918136068	247790901000000	0,000504499457	1964,94972	247790901000000	0,625641371	0,0443707517	0,0254197380	0,000000000000548078138	9082081590
0,00103640000	0,0308389105	-0,000896297924	246844645000000	0,000464212286	2137,03809	246844645000000	0,625541245	0,0480373691	0,0253222060	0,000000000000548078138	9082063700
0,00104160000	0,0305988118	-0,000909237609	244918676000000	0,000449321363	2208,56054	244918676000000	0,625336281	0,0492421458	0,0252901589	0,000000000000501411398	9082027290
0,00104680000	0,0304389520	-0,000900626197	243636385000000	0,000477723216	2076,33131	243636385000000	0,625198939	0,0460720921	0,0253744824	0,000000000000501411398	9082003050
0,00105200000	0,0300289092	-0,000886658203	240347420000000	0,000534788127	1853,19169	240347420000000	0,624843395	0,0406003561	0,0255200305	0,000000000000428436839	9081940890
0,00105720000	0,0295416696	-0,000906239056	236439505000000	0,000568181359	1743,55907	236439505000000	0,624414673	0,0375928451	0,0256000303	0,000000000000369430126	9081867050
0,00106240000	0,0288129643	-0,000907825772	230595409000000	0,000553554488	1790,46150	230595409000000	0,623760366	0,0376324431	0,0255989770	0,000000000000305090359	9081756690
0,00106760000	0,0285280129	-0,000882158445	228310308000000	0,000535344699	1852,06522	228310308000000	0,623500081	0,0385269072	0,0255751843	0,000000000000305090359	9081713550
0,00107280000	0,0281935126	-0,000893659405	225627979000000	0,000511812086	1938,13424	225627979000000	0,623191262	0,0398248868	0,0255406580	0,000000000000187456495	9081662920
0,00107800000	0,0283442002	-0,000899766505	226836314000000	0,000494272214	2007,38667	226836314000000	0,623330823	0,0414589711	0,0254971914	0,000000000000248295641	9081685730
0,00108320000	0,0282253906	-0,000871321032	225883601000000	0,000510083222	1944,73917	225883601000000	0,623220847	0,0400051403	0,0255358633	0,000000000000187456495	9081667750
0,00108840000	0,0280671088	-0,000877458110	224614391000000	0,000578403344	1713,25836	224614391000000	0,623073626	0,0350815615	0,0256668305	0,000000000000187456495	9081643800
0,00109360000	0,0277881974	-0,000884951027	222377960000000	0,000641601312	1543,11335	222377960000000	0,622812209	0,0313111221	0,0257671242	0,000000000000134144221	9081601600
0,00109880000	0,0275676352	-0,000875372847	220609461000000	0,000601578342	1646,92715	220609461000000	0,622603651	0,0331286756	0,0257187772	0,000000000000134144221	9081568240
0,00110400000	0,0271830589	-0,000882717986	217526003000000	0,000492739274	2014,31378	217526003000000	0,622236055	0,0398810087	0,0255391652	0,0000000000000485471653	9081510090
0,00110920000	0,0267393802	-0,000878716431	213968881000000	0,000426845067	2327,85527	213968881000000	0,621805566	0,0452848031	0,0253954242	-0,0000000000000209777750	9081443020
0,00111440000	0,0265150184	-0,000866728017	212170182000000	0,000403105524	2465,94721	212170182000000	0,621585196	0,0475486000	0,0253352072	0,000000000000000545265347	9081409120
0,00111960000	0,0263006741	-0,000866362208	210451846000000	0,000392908433	2530,44637	210451846000000	0,621372946	0,0483875377	0,0253128915	0,0000000000000304327568	9081376730
0,00112480000	0,0260965741	-0,000872427517	208815683000000	0,000389349980	2553,81877	208815683000000	0,621169255	0,0484501460	0,0253112261	0,0000000000000510412743	9081345900
0,00113000000	0,0253938607	-0,000854519194	203182756000000	0,000398795882	2493,36729	203182756000000	0,620455771	0,0460265387	0,0253756941	0,000000000000270990387	9081239800
0,00113520000	0,0248459201	-0,000864280206	198790869000000	0,000440405774	2256,75115	198790869000000	0,619885829	0,0407770274	0,0255153311	0,000000000000498921160	9081157110
0,00114040000	0,0245719782	-0,000866250686	196595281000000	0,000475296133	2090,21891	196595281000000	0,619596236	0,0373663727	0,0256060545	0,000000000000634496582	9081115790
0,00114560000	0,0242109929	-0,000858040334	193702185000000	0,000517624707	1918,36614	193702185000000	0,619209737	0,0338058342	0,0257007648	0,000000000000771047101	9081061350
0,00115080000	0,0240019949	-0,000862641233	192027251000000	0,000546811332	1815,36301	192027251000000	0,618983367	0,0317246977	0,0257561230	0,000000000000845806652	9081029840
0,00115600000	0,0237013547	-0,000866181229	189617972000000	0,000600643494	1651,62397	189617972000000	0,618654312	0,0285190368	0,0258413936	0,000000000000794767644	9080984520
0,00116120000	0,0237795281	-0,000854733487	190244430000000	0,000772190057	1281,71814	190244430000000	0,618740267	0,0222566543	0,0260079730	0,000000000000813313381	9080996300
0,00116640000	0,0237022459	-0,000849435421	189625113000000	0,000883542354	1118,55004	189625113000000	0,618655293	0,0193883394	0,0260842702	0,000000000000794767644	9080984650
0,00117160000	0,0236501572	-0,000852726077	189207693000000	0,000896837019	1101,80064	189207693000000	0,618597866	0,0190588810	0,0260930338	0,000000000000786616415	9080976800
0,00117680000	0,0238260151	-0,000862075852	190616967000000	0,000837271030	1181,03117	190616967000000	0,618791250	0,0205668426	0,0260529220	0,000000000000818680335	9081003310
0,00118200000	0,0235604277	-0,000859949219	188488642000000	0,000809616432	1221,97265	188488642000000	0,618498648	0,0210318756	0,0260405521	0,000000000000786616415	9080963280
0,00118720000	0,0234254948	-0,000849143735	187407367000000	0,000813165327	1216,65579	187407367000000	0,618348744	0,0208199624	0,0260461890	0,000000000000735152631	9080942950
0,00119240000	0,0232990587	-0,000863311769	186394199000000	0,000798179913	1239,81302	186394199000000	0,618207506	0,0210961756	0,0260388417	0,000000000000744550907	9080923900
0,00119760000	0,0230567027	-0,000872193241	184452183000000	0,000800276519	1236,66317	184452183000000	0,617934655	0,0208216844	0,0260461432	0,000000000000785415723	9080887390
0,00120280000	0,0227160630	-0,000865073248	181722725000000	0,000702522945	1410,72230	181722725000000	0,617546339	0,0233679633	0,0259784122	0,000000000000821778247	9080836090
0,00120800000	0,0222482591	-0,000863030041	177974546000000	0,000616209010	1610,36298	177974546000000	0,617003610	0,0260916764	0,0259059614	0,000000000000660708180	9080765660
0,00121320000	0,0221328154	-0,000874525850	177049616000000	0,000575975930	1723,78377	177049616000000	0,616867947	0,0277691630	0,0258613403	0,000000000000644590790	9080748280
0,00121840000	0,0220592326	-0,000893135311	176460081000000	0,000515901921	1925,99327	176460081000000	0,616781112	0,0308995009	0,0257780733	0,000000000000644590790	9080737210
0,00122360000	0,0220900487	-0,000906265782	176706975000000	0,000481862144	2062,90584	176706975000000	0,616817512	0,0331285950	0,0257187794	0,000000000000644590790	9080741850
0,00122880000	0,0219732172	-0,000898488560	175770947000000	0,000464432356	2140,85347	175770947000000	0,616679243	0,0341898156	0,0256905509	0,000000000000603737857	9080724270
0,00123400000	0,0218113774	-0,000901956579	174474347000000	0,000475900913	2089,05364	174474347000000	0,616486504	0,0331197598	0,0257190144	0,000000000000603876608	9080699920
0,00123920000	0,0214529315	-0,000923896332	171602720000000	0,000484403677	2052,36587	171602720000000	0,616054555	0,0320028658	0,0257487238	0,000000000000587219527	9080645990
0,00124440000	0,0211455701	-0,000917295289	169140462000000	0,000478451018	2078,21825	169140462000000	0,615678463	0,0319361209	0,0257504992	0,000000000000678003750	9080599770
0,00124960000	0,0206966247	-0,000895805696	165544173000000	0,000473901895	2098,52723	165544173000000	0,615119324	0,0315571364	0,0257605802	0,000000000000507536751	9080532280
0,00125480000	0,0204242557	-0,000900763162	163362464000000	0,000463628074	2145,43627	163362464000000	0,614774243	0,0318313225	0,0257532868	0,000000000000348215831	9080491350
0,00126000000	0,0199456305	-0,000899838647	159528821000000	0,000444668011	2237,66583	159528821000000	0,614156696	0,0324097292	0,0257379012	-0,000000000000143978299	9080419440
0,00126520000	0,0197847021	-0,000892700424	158239892000000	0,000444997527	2236,08873	158239892000000	0,613945769	0,0321240663	0,0257454998	-0,0000000000000848573568	9080395270
0,00127040000	0,0195387570	-0,000894450144	156270092000000	0,000460825905	2159,03687	156270092000000	0,613620117	0,0306345226	0,0257851217	0,0000000000000815693265	9080358340
0,00127560000	0,0196061634	-0,000880904622	156809950000000	0,000496016065	2005,04677	156809950000000	0,613709769	0,0285594610	0,0258403183	0,0000000000000598867690	9080368460
0,00128080000	0,0195558985	-0,000878712810	156407378000000	0,000556298951	1786,60520	156407378000000	0,613642945	0,0253992638	0,0259243796	0,000000000000233074680	9080360920
0,00128600000	0,0194767647	-0,000890516621	155773600000000	0,000634651517	1564,72181	155773600000000	0,613537396	0,0221733171	0,0260101898	0,0000000000000815693265	9080349040
0,00129120000	0,0191856682	-0,000877914516	153442285000000	0,000694084555	1429,96013	153442285000000	0,613145454	0,0199712298	0,0260687653	0,000000000000261855177	9080305340
0,00129640000	0,0190014678	-0,000863611328	151967122000000	0,000739963782	1340,73195	151967122000000	0,612894396	0,0185528789	0,0261064934	0,000000000000198105368	9080277690
0,00130160000	0,0187551661	-0,000874730604	149994683000000	0,000684427967	1450,52363	149994683000000	0,612554915	0,0197979513	0,0260733745	0,000000000000147262112	9080240740
0,00130680000	0,0185730536	-0,000868398399	148536330000000	0,000604227288	1644,55572	148536330000000	0,612301064	0,0222077463	0,0260092739	0,000000000000103415533	9080213410
0,00131200000	0,0185333767	-0,000867877863	148218603000000	0,000588338695	1689,27235	148218603000000	0,612245432	0,0227586992	0,0259946186	0,000000000000103415533	9080207460
0,00131720000	0,0183320154	-0,000878165865	146606157000000	0,000610086113	1628,79445	146606157000000	0,611961268	0,0217086694	0,0260225494	0,000000000000156230715	9080177260
0,00132240000	0,0182419114	-0,000873841983	145884645000000	0,000660597501	1503,51209	145884645000000	0,611833113	0,0199500868	0,0260693277	0,000000000000228940631	9080163750
0,00132760000	0,0181493617	-0,000870520968	145143557000000	0,000689401480	1440,31537	145143557000000	0,611700826	0,0190194382	0,0260940829	0,000000000000484211812	9080149870
0,00133280000	0,0178664238	-0,000882777508	142878005000000	0,000718459670	1381,80362	142878005000000	0,611292233	0,0179653266	0,0261221223	0,000000000000872593423	9080107450
0,00133800000	0,0177853943	-0,000885764829	142229198000000	0,000666677444	1489,95727	142229198000000	0,611174040	0,0192728142	0,0260873431	0,000000000000872593423	9080095300
0,00134320000	0,0176498560	-0,000878394155	141143955000000	0,000629910976	1577,58183	141143955000000	0,610975143	0,0202420848	0,0260615605	0,00000000000102995577	9080074990
0,00134840000	0,0175811464	-0,000887581499	140593811000000	0,000672986391	1476,00779	140593811000000	0,610873737	0,0188726139	0,0260979885	0,00000000000103311380	9080064690
0,00135360000	0,0174525849	-0,000887040070	139564459000000	0,000683393804	1453,44937	139564459000000	0,610682942	0,0184491318	0,0261092531	0,00000000000116747287	9080045420
0,00135880000	0,0172977460	-0,000888567925	138324737000000	0,000718623838	1381,79785	138324737000000	0,610451296	0,0173888302	0,0261374571	0,00000000000117625824	9080022220
0,00136400000	0,0171908069	-0,000895661507	137468541000000	0,000730703890	1358,85140	137468541000000	0,610290111	0,0169955037	0,0261479196	0,00000000000116987341	9080006200
0,00136920000	0,0168691009	-0,000901778291	134892918000000	0,000664778773	1494,74452	134892918000000	0,609799170	0,0183309149	0,0261123977	0,00000000000113820238	9079958010
0,00137440000	0,0167964065	-0,000912018521	134310933000000	0,000613237582	1621,21400	134310933000000	0,609686953	0,0197858511	0,0260736964	0,00000000000113820238	9079947130
0,00137960000	0,0167941903	-0,000914108791	134293190000000	0,000578073813	1720,40875	134293190000000	0,609683524	0,0209866360	0,0260417555	0,00000000000113820238	9079946790
0,00138480000	0,0166807001	-0,000918232620	133384609000000	0,000579556613	1716,04520	133384609000000	0,609507344	0,0207913165	0,0260469510	0,00000000000108839417	9079929800
0,00139000000	0,0165863490	-0,000925514767	132629264000000	0,000607451522	1636,86198	132629264000000	0,609359971	0,0197242214	0,0260753357	0,00000000000108994220	9079915670
0,00139520000	0,0163788768	-0,000927432321	130968340000000	0,000658591917	1509,14506	130968340000000	0,609032968	0,0179647865	0,0261221367	0,00000000000105225981	9079884610
0,00140040000	0,0161584942	-0,000927648213	129204116000000	0,000678121921	1465,53636	129204116000000	0,608681099	0,0172123710	0,0261421509	0,00000000000100943616	9079851620
0,00140560000	0,0159444262	-0,000924348752	127490493000000	0,000610473651	1629,06536	127490493000000	0,608334737	0,0188661382	0,0260981607	0,00000000000104514748	9079819580
0,00141080000	0,0157712195	-0,000927402911	126104005000000	0,000536157101	1856,21328	126104005000000	0,608051105	0,0212475546	0,0260348150	0,00000000000108874390	9079793670
0,00141600000	0,0156918605	-0,000933838233	125468762000000	0,000497589858	2000,81923	125468762000000	0,607920120	0,0227790825	0,0259940764	0,00000000000100930261	9079781800
0,00142120000	0,0156781987	-0,000929740757	125359404000000	0,000500046876	1990,95199	125359404000000	0,607897505	0,0226473992	0,0259975792	0,00000000000100930261	9079779750
0,00142640000	0,0155414763	-0,000925790894	124265005000000	0,000519603145	1915,76042	124265005000000	0,607670098	0,0216047480	0,0260253137	0,00000000000105097238	9079759300
0,00143160000	0,0154027539	-0,000933931369	123154617000000	0,000521073116	1910,40753	123154617000000	0,607437333	0,0213512923	0,0260320556	0,00000000000106577760	9079738550
0,00143680000	0,0152049089	-0,000936759975	121571028000000	0,000509586060	1953,77704	121571028000000	0,607101749	0,0215518564	0,0260267206	0,000000000000882934789	9079708960
0,00144200000	0,0149102480	-0,000925756215	119212586000000	0,000505684382	1969,08030	119212586000000	0,606593848	0,0212968172	0,0260335047	0,000000000000736230238	9079664910
0,00144720000	0,0147547022	-0,000932264406	117967650000000	0,000489283786	2035,45159	117967650000000	0,606321715	0,0217808207	0,0260206302	0,000000000000848968317	9079641660
0,00145240000	0,0146291851	-0,000941119170	116963074000000	0,000477362567	2086,56084	116963074000000	0,606100039	0,0221346443	0,0260112185	0,000000000000867600975	9079622900
0,00145760000	0,0144917165	-0,000941161880	115862864000000	0,000495841549	2008,56613	115862864000000	0,605855085	0,0211092828	0,0260384931	0,00000000000104885896	9079602350
0,00146280000	0,0142347330	-0,000944754794	113806191000000	0,000523113147	1903,56680	113806191000000	0,605390932	0,0196536124	0,0260772139	0,00000000000118067274	9079563950
0,00146800000	0,0140726140	-0,000947694417	112508769000000	0,000595592512	1671,02415	112508769000000	0,605093831	0,0170651174	0,0261460679	0,00000000000124653798	9079539740
0,00147320000	0,0140224639	-0,000936853516	112107429000000	0,000683584721	1454,92798	112107429000000	0,605001238	0,0148154272	0,0262059096	0,00000000000130366237	9079532250
0,00147840000	0,0139029816	-0,000943841286	111151250000000	0,000705113949	1410,32791	111151250000000	0,604779308	0,0142405637	0,0262212010	0,00000000000205611830	9079514400
0,00148360000	0,0138160541	-0,000945902084	110455607000000	0,000735806587	1351,21817	110455607000000	0,604616656	0,0135611409	0,0262392737	0,00000000000256420731	9079501420
0,00148880000	0,0137897277	-0,000937444860	110244930000000	0,000819018993	1213,15280	110244930000000	0,604567196	0,0121600900	0,0262765416	-0,0000000000112118853	9079497490
0,00149400000	0,0137097632	-0,000946217814	109605019000000	0,000911664399	1089,11888	109605019000000	0,604416389	0,0108609441	0,0263110989	-0,0000000000114872870	9079485550
0,00149920000	0,0137067419	-0,000948977506	109580841000000	0,000881668888	1126,43832	109580841000000	0,604410674	0,0112279701	0,0263013360	-0,0000000000114872870	9079485090
0,00150440000	0,0136154806	-0,000941374638	108850537000000	0,000823537047	1206,55049	108850537000000	0,604237456	0,0119404191	0,0262823849	-0,0000000000118087230	9079471470
0,00150960000	0,0135166045	-0,000944014974	108059307000000	0,000827626122	1200,60566	108059307000000	0,604048481	0,0117950591	0,0262862514	-0,0000000000125295771	9079456710
0,00151480000	0,0134599735	-0,000943380047	107606138000000	0,000784639437	1266,83260	107606138000000	0,603939628	0,0123890797	0,0262704505	-0,0000000000125295771	9079448250
0,00152000000	0,0133438168	-0,000938608775	106676646000000	0,000731125270	1360,18065	106676646000000	0,603714931	0,0131810404	0,0262493843	-0,0000000000129063076	9079430910
0,00152520000	0,0132464117	-0,000938586126	105897217000000	0,000686617282	1448,89519	105897217000000	0,603525009	0,0139329139	0,0262293845	-0,0000000000132774971	9079416370
0,00153040000	0,0130734354	-0,000943951534	104513100000000	0,000623203884	1597,18660	104513100000000	0,603184298	0,0151500028	0,0261970099	-0,0000000000136669696	9079390560
0,00153560000	0,0129640061	-0,000944579485	103637488000000	0,000612918145	1624,17497	103637488000000	0,602966441	0,0152751869	0,0261936800	-0,0000000000140672001	9079374230
0,00154080000	0,0128900034	-0,000939379108	103045355000000	0,000623001208	1597,80994	103045355000000	0,602818077	0,0149421008	0,0262025401	-0,0000000000151138539	9079363180
0,00154600000	0,0127567236	-0,000942767481	101978930000000	0,000607547911	1638,71099	101978930000000	0,602548729	0,0151635907	0,0261966485	-0,0000000000163806694	9079343300
0,00155120000	0,0126583563	-0,000945792818	101191867000000	0,000610771933	1630,07698	101191867000000	0,602348141	0,0149671348	0,0262018742	-0,0000000000163806694	9079328630
0,00155640000	0,0125547260	-0,000939153929	100362705000000	0,000624377224	1594,45781	100362705000000	0,602135142	0,0145210306	0,0262137406	-0,0000000000169986459	9079313170
0,00156160000	0,0123714261	-0,000935676934	98896124200000	0,000655412418	1518,72013	98896124200000	0,601754087	0,0136312832	0,0262374079	-0,0000000000176026234	9079285830
0,00156680000	0,0123447441	-0,000943922662	98682644500000	0,000679125123	1465,46072	98682644500000	0,601698153	0,0131269284	0,0262508237	-0,0000000000176026234	9079281850
0,00157200000	0,0122686123	-0,000939806249	98073528700000	0,000706135210	1409,17950	98073528700000	0,601537894	0,0125468894	0,0262662527	-0,0000000000176026234	9079270500
0,00157720000	0,0121368702	-0,000936139654	97019499300000	0,000708415319	1404,69432	97019499300000	0,601258229	0,0123720942	0,0262709023	-0,0000000000182674710	9079250850
0,00158240000	0,0120861103	-0,000943576228	96613390000000	0,000668242362	1489,58413	96613390000000	0,601149670	0,0130609706	0,0262525782	-0,0000000000190391573	9079243290
0,00158760000	0,0119370552	-0,000942659725	95420877700000	0,000658444386	1511,93471	95420877700000	0,600828258	0,0130917120	0,0262517605	-0,0000000000220856321	9079221060
0,00159280000	0,0119444942	-0,000937130948	95480392800000	0,000620145335	1605,72468	95480392800000	0,600844393	0,0139089021	0,0262300232	-0,0000000000220856321	9079222170
0,00159800000	0,0118334277	-0,000935756254	94591822300000	0,000608941493	1635,45481	94591822300000	0,600602448	0,0140329882	0,0262267225	-0,0000000000232606937	9079205620
0,00160320000	0,0118289960	-0,000935768446	94556367400000	0,000673443234	1478,16952	94556367400000	0,600592747	0,0126841661	0,0262626012	-0,0000000000232606937	9079204960
0,00160840000	0,0116294149	-0,000936651746	92959686400000	0,000689837010	1442,99166	92959686400000	0,600152102	0,0121736355	0,0262761813	-0,0000000000244972893	9079175210
0,00161360000	0,0115179270	-0,000937718319	92067783900000	0,000711123925	1399,66028	92067783900000	0,599902676	0,0116959239	0,0262888884	-0,0000000000244972893	9079158600
0,00161880000	0,0113375768	-0,000933026446	90625014500000	0,000735335532	1353,45894	90625014500000	0,599494070	0,0111335758	0,0263038469	-0,0000000000269516482	9079131730
0,00162400000	0,0111785520	-0,000932022926	89352874100000	0,000732271051	1359,23821	89352874100000	0,599128392	0,0110232281	0,0263067821	-0,0000000000283230712	9079108040
0,00162920000	0,0112151050	-0,000938016090	89645282500000	0,000714034966	1394,09504	89645282500000	0,599212901	0,0113417506	0,0262983094	-0,0000000000283230712	9079113480
0,00163440000	0,0111841693	-0,000930078933	89397810200000	0,000730097801	1363,30006	89397810200000	0,599141397	0,0110616006	0,0263057614	-0,0000000000283230712	9079108870
0,00163960000	0,0111133955	-0,000925848213	88831654400000	0,000775733764	1282,76185	88831654400000	0,598977071	0,0103449213	0,0263248251	-0,0000000000297217107	9079098330
0,00164480000	0,0110599523	-0,000928255247	88404138900000	0,000830281675	1198,09995	88404138900000	0,598852295	0,00961876423	0,0263441409	-0,0000000000297217107	9079090370
0,00165000000	0,0110607834	-0,000925609380	88410786900000	0,000859690553	1156,89819	88410786900000	0,598854240	0,00929041760	0,0263528749	-0,0000000000297217107	9079090490
0,00165520000	0,0109737809	-0,000926952599	87714822400000	0,000790895857	1258,12616	87714822400000	0,598649841	0,0100190333	0,0263334937	-0,0000000000297217107	9079077540
0,00166040000	0,0108948459	-0,000927051361	87083400400000	0,000760947671	1307,93177	87083400400000	0,598462998	0,0103383855	0,0263249989	-0,0000000000309816335	9079065780
0,00166560000	0,0108140944	-0,000925942540	86437454500000	0,000763428353	1303,70637	86437454500000	0,598270461	0,0102283556	0,0263279257	-0,0000000000321126332	9079053760
0,00167080000	0,0106971969	-0,000927959395	85502384200000	0,000801824278	1241,04665	85502384200000	0,597989195	0,00963321286	0,0263437565	-0,0000000000332329328	9079036350
0,00167600000	0,0106371851	-0,000925917434	85022351900000	0,000798891320	1245,65862	85022351900000	0,597843614	0,00961429726	0,0263442597	-0,0000000000343501221	9079027410
0,00168120000	0,0104097667	-0,000925756215	83203276200000	0,000760973730	1308,15595	83203276200000	0,597284426	0,00987740581	0,0263372610	-0,0000000000409550545	9078993560
0,00168640000	0,0103993476	-0,000924472925	83119937100000	0,000786050016	1266,23960	83119937100000	0,597258517	0,00955272244	0,0263458976	-0,0000000000426789671	9078992010
0,00169160000	0,0103648247	-0,000919316654	82843800700000	0,000747973148	1331,02148	82843800700000	0,597172485	0,0100056692	0,0263338492	-0,0000000000426789671	9078986870
0,00169680000	0,0103150465	-0,000922659293	82445645300000	0,000716408487	1389,95442	82445645300000	0,597047936	0,0103963079	0,0263234582	-0,0000000000446910877	9078979460
0,00170200000	0,0103348179	-0,000925684784	82603788600000	0,000716311751	1390,13195	82603788600000	0,597097477	0,0104176563	0,0263228903	-0,0000000000446910877	9078982400
0,00170720000	0,0102654233	-0,000918890549	82048731600000	0,000788349276	1262,60358	82048731600000	0,596923178	0,00940211011	0,0263499039	-0,0000000000469188816	9078972080
0,00171240000	0,0102069813	-0,000920816287	81581284400000	0,000922723980	1077,91046	81581284400000	0,596775479	0,00798713206	0,0263875423	-0,0000000000469188816	9078963380
0,00171760000	0,0101508731	-0,000925954381	81132508100000	0,000939299857	1058,81667	81132508100000	0,596632885	0,00780302107	0,0263924396	-0,0000000000494421614	9078955030
0,00172280000	0,00997556294	-0,000923458189	79730327200000	0,000930830932	1068,60028	79730327200000	0,596182254	0,00773793138	0,0263941710	-0,0000000000521018696	9078928940
0,00172800000	0,00989135325	-0,000921178267	79056806400000	0,000925917677	1074,34776	79056806400000	0,595962990	0,00771327872	0,0263948268	-0,0000000000581856810	9078916410
0,00173320000	0,00979525263	-0,000923982745	78288190000000	0,000936723034	1061,94298	78288190000000	0,595710489	0,00755017793	0,0263991653	-0,0000000000615762625	9078902120
0,00173840000	0,00976468808	-0,000924187573	78043735700000	0,00110929496	895,882051	78043735700000	0,595629665	0,00635569640	0,0264309385	-0,0000000000615762625	9078897570
0,00174360000	0,00978142954	-0,000920750623	78177633200000	0,00140449598	706,398442	78177633200000	0,595673966	0,00502845019	0,0264662432	-0,0000000000615762625	9078900060
0,00174880000	0,00974889320	-0,000918820401	77917409200000	0,00168533701	587,770479	77917409200000	0,595587799	0,00417657110	0,0264889032	-0,0000000000615762625	9078895220
0,00175400000	0,00970742719	-0,000920180497	77585767800000	0,00213301176	463,261072	77585767800000	0,595477568	0,00328594997	0,0265125937	-0,0000000000652577076	9078889050
0,00175920000	0,00972278725	-0,000915961482	77708616000000	0,00340554287	288,070802	77708616000000	0,595518455	0,00206136528	0,0265451677	-0,0000000000652577076	9078891340
0,00176440000	0,00968362448	-0,000914524640	77395396900000	0,00583007407	165,978049	77395396900000	0,595414081	0,00119925957	0,0265680997	-0,0000000000652577076	9078885510
0,00176960000	0,00978406906	-0,000917738629	78198744000000	0,00589058895	164,160096	78198744000000	0,595680944	0,00119925957	0,0265680997	-0,0000000000615762625	9078900450
0,00000000	0,00977921634	-0,000916195463	78159932100000	0,00588766531	164,247093	78159932100000	0,595668114	0,00119925957	0,0265680997	-0,0000000000615762625	9078899730
0,00000000	0,00968752144	-0,000914753582	77426564200000	0,00583242186	165,906836	77426564200000	0,595424485	0,00119925957	0,0265680997	-0,0000000000652577076	9078886090
0,00000000	0,00966070230	-0,000920795068	77212068800000	0,0000103538960	96576,4684	77212068800000	0,595352795	0,673679801	0,00868011728	-0,0000000000652577076	9078882100
