Time_(s)	Photoconductance_Signal_(V)	Reference_Voltage_(V)	Apparent_Carrier_Density_(cm-3)	Tau_(s)	Inverse_Tau_Auger_Corrected_(s-1)	Minority_Carrier_Density_(cm-3)	Implied_Voc_(V)	Implied_Suns_(suns)	Photogeneration_(A/cm2)	Jo_(A/cm2)	ni_(cm-3)
0,000154600000	3,90419586	0,0186629711	9198402010000000	-0,0000627030089	-16088,6516	9198402010000000	0,716685289	-44,1748297	1,20165047	-0,00000000000461520851	8599000000
0,000182600000	3,59311305	0,00595729370	8403530870000000	0,000466498660	2026,40079	8403530870000000	0,712339690	5,42453204	-0,117692552	-0,00000000000264041419	8599000000
0,000210600000	3,29684301	0,00227167199	7656286520000000	0,000425017467	2255,53740	7656286520000000	0,707887413	5,42453204	-0,117692552	-0,00000000000216381714	8599000000
0,000238600000	3,03012311	0,000663793743	6991750630000000	0,000388127604	2495,32385	6991750630000000	0,703572998	5,42453204	-0,117692552	-0,000000000000174331481	8599000000
0,000266600000	2,79230731	-0,000376796567	6405781100000000	0,000355599134	2744,03884	6405781100000000	0,699440187	5,42453204	-0,117692552	-0,000000000000117591006	8599000000
0,000294600000	2,58300479	-0,000261248957	5895191440000000	0,000332588010	2949,03249	5895191440000000	0,695543682	5,33755303	-0,115378911	-0,0000000000000793199696	8599000000
0,000322600000	2,39540563	-0,00112409986	5441635940000000	0,000329367584	2986,96656	5441635940000000	0,691812964	4,97507358	-0,105736957	0,0000000000000318758139	8599000000
0,000350600000	2,22830300	-0,000644553060	5040899900000000	0,000342117733	2880,78867	5040899900000000	0,688272106	4,43693808	-0,0914225528	0,000000000000116209129	8599000000
0,000378600000	2,07861139	-0,00112747178	4684538860000000	0,000357673351	2759,41856	4684538860000000	0,684901274	3,94394765	-0,0783090076	0,000000000000186227503	8599000000
0,000406600000	1,94521126	-0,00104856909	4369055890000000	0,000374644169	2637,51227	4369055890000000	0,681717513	3,51171693	-0,0668116704	0,000000000000223804543	8599000000
0,000434600000	1,82460939	-0,000883737368	4085544220000000	0,000391907136	2523,91671	4085544220000000	0,678674561	3,13919015	-0,0569024581	0,000000000000236407040	8599000000
0,000462600000	1,71445106	-0,00139177058	3828002150000000	0,000408934108	2421,05676	3828002150000000	0,675741610	2,81883540	-0,0483810217	0,000000000000244174031	8599000000
0,000490600000	1,61501990	-0,000791416522	3596706550000000	0,000426250231	2324,56553	3596706550000000	0,672953474	2,54092156	-0,0409885136	0,000000000000246910452	8599000000
0,000518600000	1,52433267	-0,00142108301	3386719760000000	0,000443419342	2236,16159	3386719760000000	0,670280723	2,29993471	-0,0345782634	0,000000000000247346320	8599000000
0,000546600000	1,44049093	-0,000962750685	3193408690000000	0,000460120515	2156,41521	3193408690000000	0,667687411	2,08993984	-0,0289923999	0,000000000000249231167	8599000000
0,000574600000	1,36516225	-0,00117492036	3020404070000000	0,000476970486	2081,42187	3020404070000000	0,665246565	1,90688463	-0,0241231312	0,000000000000251138773	8599000000
0,000602600000	1,29458940	-0,00128369842	2858906280000000	0,000493611161	2012,31837	2858906280000000	0,662854844	1,74407769	-0,0197924665	0,000000000000252133271	8599000000
0,000630600000	1,22999669	-0,000938831737	2711590340000000	0,000510071297	1948,30472	2711590340000000	0,660567964	1,60082579	-0,0159819660	0,000000000000253081151	8599000000
0,000658600000	1,16909425	-0,00146526084	2573127230000000	0,000525169341	1893,15688	2573127230000000	0,658317792	1,47541018	-0,0126459107	0,000000000000253927610	8599000000
0,000686600000	1,11366031	-0,000905084616	2447466310000000	0,000540943922	1838,67690	2447466310000000	0,656182951	1,36243363	-0,00964073466	0,000000000000254253233	8599000000
0,000714600000	1,06207979	-0,00137032746	2330857730000000	0,000556281418	1788,63267	2330857730000000	0,654115505	1,26174646	-0,00696245572	0,000000000000253864821	8599000000
0,000742600000	1,01422103	-0,00111054460	2222937270000000	0,000571226816	1742,41529	2222937270000000	0,652121226	1,17184319	-0,00457102882	0,000000000000254853847	8599000000
0,000770600000	0,969730179	-0,00111618624	2122848880000000	0,000586416925	1697,79061	2122848880000000	0,650196032	1,09009278	-0,00239646783	0,000000000000256153787	8599000000
0,000798600000	0,927091178	-0,00136448677	2027141850000000	0,000601466368	1655,78191	2027141850000000	0,648281114	1,01490098	-0,000396365992	0,000000000000258337450	8599000000
0,000826600000	0,887346630	-0,000909073484	1938122050000000	0,000616018275	1617,09298	1938122050000000	0,646429524	0,947410960	0,00139886845	0,000000000000259254289	8599000000
0,000854600000	0,850140026	-0,00131230480	1854953660000000	0,000629902127	1581,83640	1854953660000000	0,644633132	0,886769747	0,00301192474	0,000000000000259914898	8599000000
0,000882600000	0,815548667	-0,000837425942	1777776370000000	0,000643657360	1548,37522	1777776370000000	0,642903992	0,831712575	0,00447644550	0,000000000000260479297	8599000000
0,000910600000	0,782585017	-0,00117906534	1704361220000000	0,000655705946	1520,25182	1704361220000000	0,641199192	0,782714542	0,00577979319	0,000000000000260861864	8599000000
0,000938600000	0,751926578	-0,00109663991	1636194800000000	0,000669356860	1489,52735	1636194800000000	0,639559875	0,736085339	0,00702012998	0,000000000000261294612	8599000000
0,000966600000	0,723188061	-0,000948011588	1572397750000000	0,000684411207	1457,00567	1572397750000000	0,637972698	0,691824885	0,00819745807	0,000000000000263102753	8599000000
0,000994600000	0,695096519	-0,00130062738	1510131240000000	0,000697996961	1428,88537	1510131240000000	0,636370545	0,651496431	0,00927019494	0,000000000000264613347	8599000000
0,00102260000	0,669817391	-0,000854382766	1454178520000000	0,000711612262	1401,74936	1454178520000000	0,634882877	0,615354219	0,0102315778	0,000000000000266505506	8599000000
0,00105060000	0,644505592	-0,00129882295	1398229520000000	0,000723504407	1378,91621	1398229520000000	0,633346603	0,581953340	0,0111200412	0,000000000000268386291	8599000000
0,00107860000	0,621027612	-0,000982443685	1346402150000000	0,000734909214	1357,70304	1346402150000000	0,631876958	0,551686024	0,0119251518	0,000000000000270839851	8599000000
0,00110660000	0,598992991	-0,00109781356	1297820790000000	0,000745857868	1337,94202	1297820790000000	0,630455848	0,523973753	0,0126622982	0,000000000000272149368	8599000000
0,00113460000	0,578284600	-0,00121282737	1252216400000000	0,000759073303	1314,79287	1252216400000000	0,629080886	0,496759922	0,0133861861	0,000000000000274043624	8599000000
0,00116260000	0,558243389	-0,000915979133	1208130220000000	0,000770001143	1296,27647	1208130220000000	0,627711482	0,472468934	0,0140323264	0,000000000000276168588	8599000000
0,00119060000	0,538981930	-0,00130087682	1165804780000000	0,000782481150	1275,72995	1165804780000000	0,626357095	0,448644996	0,0146660431	0,000000000000277208009	8599000000
0,00121860000	0,520787045	-0,000921785656	1125864060000000	0,000796329648	1253,65719	1125864060000000	0,625041016	0,425739505	0,0152753292	0,000000000000279099557	8599000000
0,00124660000	0,502672483	-0,00122370652	1086139330000000	0,000806348158	1238,20079	1086139330000000	0,623693027	0,405614828	0,0158106456	0,000000000000281422699	8599000000
0,00127460000	0,486446553	-0,00107876047	1050590000000000	0,000818031381	1220,61478	1050590000000000	0,622451585	0,386735622	0,0163128325	0,000000000000281993333	8599000000
0,00130260000	0,470528223	-0,00100968870	1015745560000000	0,000828278561	1205,61061	1015745560000000	0,621200480	0,369283066	0,0167770704	0,000000000000281322610	8599000000
0,00133060000	0,455126607	-0,00110880079	982061461000000	0,000839776791	1189,19164	982061461000000	0,619956750	0,352148368	0,0172328534	0,000000000000279852826	8599000000
0,00135860000	0,441635352	-0,000646930119	952579109000000	0,000852885399	1170,98417	952579109000000	0,618838807	0,336326628	0,0176537117	0,000000000000278050802	8599000000
0,00138660000	0,427238191	-0,000955535954	921141540000000	0,000864592062	1155,20632	921141540000000	0,617614686	0,320823375	0,0180660982	0,000000000000274707052	8599000000
0,00141460000	0,414495741	-0,000640498846	893338288000000	0,000876748102	1139,25369	893338288000000	0,616502891	0,306825883	0,0184384315	0,000000000000272821078	8599000000
0,00144260000	0,401762937	-0,000788626821	865575912000000	0,000883756106	1130,29020	865575912000000	0,615363749	0,294933167	0,0187547778	0,000000000000275469483	8599000000
0,00147060000	0,389726168	-0,000793728795	839349411000000	0,000895291741	1115,78486	839349411000000	0,614259471	0,282311839	0,0190905051	0,000000000000275569687	8599000000
0,00149860000	0,378183309	-0,000651391878	814215767000000	0,000903719459	1105,43759	814215767000000	0,613174041	0,271304348	0,0193833043	0,000000000000274120215	8599000000
0,00152660000	0,366801527	-0,000903750090	789448885000000	0,000911122846	1096,51228	789448885000000	0,612076930	0,260914346	0,0196596784	0,000000000000272982901	8599000000
0,00155460000	0,356140319	-0,000606276883	766264438000000	0,000921066032	1084,72380	766264438000000	0,611023736	0,250517912	0,0199362235	0,000000000000272729750	8599000000
0,00158260000	0,345347791	-0,000863384091	742808689000000	0,000927067538	1077,75413	742808689000000	0,609930959	0,241277309	0,0201820236	0,000000000000272172406	8599000000
0,00161060000	0,334938249	-0,000688040436	720198919000000	0,000935268175	1068,35103	720198919000000	0,608850132	0,231882080	0,0204319367	0,000000000000272140180	8599000000
0,00163860000	0,325679004	-0,000745387925	700098884000000	0,000944847043	1057,55874	700098884000000	0,607865344	0,223125269	0,0206648679	0,000000000000274332306	8599000000
0,00166660000	0,316207870	-0,000840028320	679549861000000	0,000950893196	1050,87625	679549861000000	0,606833952	0,215199108	0,0208757037	0,000000000000278482643	8599000000
0,00169460000	0,307392308	-0,000637873855	660433197000000	0,000957504187	1043,65781	660433197000000	0,605850882	0,207701242	0,0210751470	0,000000000000277244272	8599000000
0,00172260000	0,298692233	-0,000894486627	641576431000000	0,000969988710	1030,25654	641576431000000	0,604857680	0,199173980	0,0213019721	0,000000000000280572077	8599000000
0,00175060000	0,290473019	-0,000640620558	623770545000000	0,000984750276	1014,83999	623770545000000	0,603897234	0,190743449	0,0215262243	0,000000000000284041639	8599000000
0,00177860000	0,282638940	-0,000806922852	606806836000000	0,000989707089	1009,78872	606806836000000	0,602960694	0,184626766	0,0216889280	0,000000000000285394589	8599000000
0,00180660000	0,275023413	-0,000768320455	590323710000000	0,000995225580	1004,21884	590323710000000	0,602029499	0,178615678	0,0218488230	0,000000000000285160427	8599000000
0,00183460000	0,267071577	-0,000718580327	573120404000000	0,00100232904	997,131112	573120404000000	0,601034134	0,172181479	0,0220199727	0,000000000000287004311	8599000000
0,00186260000	0,259945521	-0,000852462459	557710339000000	0,00101002320	989,559936	557710339000000	0,600121053	0,166275485	0,0221770721	0,000000000000285090700	8599000000
0,00189060000	0,253567802	-0,000709882587	543923941000000	0,00102207565	977,910045	543923941000000	0,599286076	0,160252943	0,0223372717	0,000000000000281566285	8599000000
0,00191860000	0,246610579	-0,000849487609	528890676000000	0,00102832435	971,991472	528890676000000	0,598355089	0,154876907	0,0224802743	0,000000000000279298399	8599000000
0,00194660000	0,239590010	-0,000735561832	513726685000000	0,00103161966	968,911401	513726685000000	0,597393197	0,149955844	0,0226111745	0,000000000000277649095	8599000000
0,00197460000	0,233481699	-0,000793058579	500538158000000	0,00104302974	958,329538	500538158000000	0,596536985	0,144507830	0,0227560917	0,000000000000278843136	8599000000
0,00200260000	0,227312567	-0,000787443493	487223072000000	0,00105036972	951,651666	487223072000000	0,595653048	0,139680742	0,0228844923	0,000000000000282173196	8599000000
0,00203060000	0,221483460	-0,000708530972	474646283000000	0,00104936600	952,582381	474646283000000	0,594799198	0,136205290	0,0229769393	0,000000000000295481261	8599000000
0,00205860000	0,216028391	-0,000809139224	462880390000000	0,00105515879	947,368989	462880390000000	0,593982908	0,132099703	0,0230861479	0,000000000000303242002	8599000000
0,00208660000	0,210460086	-0,000691855087	450874138000000	0,00106778354	936,181941	450874138000000	0,593131632	0,127151937	0,0232177585	0,000000000000308767157	8599000000
0,00211460000	0,205183405	-0,000803199447	439500294000000	0,00107522019	929,721414	439500294000000	0,592307282	0,123087128	0,0233258824	0,000000000000311441668	8599000000
0,00214260000	0,200000680	-0,000752865834	428332398000000	0,00107833989	927,046837	428332398000000	0,591480042	0,119612380	0,0234183107	0,000000000000313519008	8599000000
0,00217060000	0,194629229	-0,000800898003	416761420000000	0,00108517003	921,226253	416761420000000	0,590603367	0,115648658	0,0235237457	0,000000000000320303703	8599000000
0,00219860000	0,189746067	-0,000864719243	406245469000000	0,00109059982	916,652652	406245469000000	0,589788453	0,112169294	0,0236162968	0,000000000000323472494	8599000000
0,00222660000	0,185145251	-0,000776103336	396340322000000	0,00109090336	916,410717	396340322000000	0,589004241	0,109403913	0,0236898559	0,000000000000317854857	8599000000
0,00225460000	0,180419768	-0,000837125026	386169575000000	0,00109444983	913,453536	386169575000000	0,588181375	0,106251012	0,0237737231	0,000000000000308942599	8599000000
0,00228260000	0,175834325	-0,000767251551	376302953000000	0,00110225345	906,997299	376302953000000	0,587365189	0,102803296	0,0238654323	0,000000000000298126003	8599000000
0,00231060000	0,171404656	-0,000812590794	366774055000000	0,00111512071	896,540598	366774055000000	0,586559329	0,0990438711	0,0239654330	0,000000000000288916749	8599000000
0,00233860000	0,167566419	-0,000796203077	358519438000000	0,00113268514	882,644508	358519438000000	0,585846563	0,0953134923	0,0240646611	0,000000000000276329543	8599000000
0,00236660000	0,163394307	-0,000787067977	349548910000000	0,00113805743	878,487453	349548910000000	0,585055787	0,0924899733	0,0241397667	0,000000000000264467120	8599000000
0,00239460000	0,159140155	-0,000821060472	340404274000000	0,00114340572	874,387845	340404274000000	0,584231449	0,0896490153	0,0242153362	0,000000000000257152354	8599000000
0,00242260000	0,155517320	-0,000798911939	332618524000000	0,00115490183	865,690810	332618524000000	0,583514396	0,0867265846	0,0242930729	0,000000000000254459988	8599000000
0,00245060000	0,151932130	-0,000848734467	324915330000000	0,00116044723	861,561484	324915330000000	0,582790513	0,0843132220	0,0243572683	0,000000000000258472056	8599000000
0,00247860000	0,148512827	-0,000833434242	317570092000000	0,00116287135	859,772945	317570092000000	0,582086283	0,0822353992	0,0244125384	0,000000000000256325428	8599000000
0,00250660000	0,145202055	-0,000836501845	310459424000000	0,00116235212	860,164494	310459424000000	0,581390946	0,0804299899	0,0244605623	0,000000000000250466625	8599000000
0,00253460000	0,141693223	-0,000828297661	302924906000000	0,00116624997	857,296785	302924906000000	0,580638889	0,0782157504	0,0245194610	0,000000000000272475243	8599000000
0,00256260000	0,138558532	-0,000804498852	296195116000000	0,00117413244	851,547039	296195116000000	0,579953254	0,0759646750	0,0245793396	0,000000000000285893351	8599000000
0,00259060000	0,135143911	-0,000805980206	288865786000000	0,00117184722	853,215044	288865786000000	0,579190903	0,0742294068	0,0246254978	0,000000000000289451151	8599000000
0,00261860000	0,131821806	-0,000824383096	281736474000000	0,00116748548	856,409936	281736474000000	0,578432963	0,0726678757	0,0246670345	0,000000000000289056900	8599000000
0,00264660000	0,128837249	-0,000810480861	275332754000000	0,00115787320	863,526588	275332754000000	0,577737712	0,0716057269	0,0246952877	0,000000000000298315845	8599000000
0,00267460000	0,125514406	-0,000820099632	268204552000000	0,00115115995	868,569600	268204552000000	0,576946922	0,0701586705	0,0247337794	0,000000000000308892129	8599000000
0,00270260000	0,122503681	-0,000825183448	261747134000000	0,00115844726	863,110720	261747134000000	0,576214442	0,0680387846	0,0247901683	0,000000000000314429304	8599000000
0,00273060000	0,119767262	-0,000815287346	255879062000000	0,00116671146	857,001262	255879062000000	0,575534886	0,0660422965	0,0248432749	0,000000000000310692202	8599000000
0,00275860000	0,116935678	-0,000856086584	249807929000000	0,00117473442	851,152647	249807929000000	0,574817195	0,0640349987	0,0248966690	0,000000000000347389122	8599000000
0,00278660000	0,114238048	-0,000823484042	244024965000000	0,00118015508	847,247412	244024965000000	0,574119096	0,0622652960	0,0249437431	0,000000000000367284471	8599000000
0,00281460000	0,111205336	-0,000862594468	237524800000000	0,00119293262	838,176660	237524800000000	0,573316725	0,0599575567	0,0250051290	0,000000000000373184391	8599000000
0,00284260000	0,108785894	-0,000831476728	232339940000000	0,00121045489	826,046093	232339940000000	0,572662634	0,0577997744	0,0250625260	0,000000000000369137865	8599000000
0,00287060000	0,106572370	-0,000810896852	227597022000000	0,00120578841	829,246913	227597022000000	0,572052844	0,0568389898	0,0250880829	0,000000000000376448528	8599000000
0,00289860000	0,104130201	-0,000830661960	222364922000000	0,00120944757	826,741688	222364922000000	0,571366907	0,0553643379	0,0251273086	0,000000000000372106349	8599000000
0,00292660000	0,101739855	-0,000775664562	217244594000000	0,00123046394	812,623249	217244594000000	0,570681559	0,0531656305	0,0251857942	0,000000000000382068537	8599000000
0,00295460000	0,0995022268	-0,000862795555	212452070000000	0,00126063334	793,177141	212452070000000	0,570026900	0,0507484824	0,0252500904	0,000000000000385897543	8599000000
0,00298260000	0,0976257161	-0,000824464356	208433483000000	0,00127576541	783,771050	208433483000000	0,569467705	0,0491980107	0,0252913329	0,000000000000381994628	8599000000
0,00301060000	0,0952191796	-0,000867739540	203280502000000	0,00125638302	795,867027	203280502000000	0,568736361	0,0487219371	0,0253039965	0,000000000000361437531	8599000000
0,00303860000	0,0927870192	-0,000827173569	198073416000000	0,00124229989	804,893491	198073416000000	0,567980252	0,0480120916	0,0253228784	0,000000000000333673988	8599000000
0,00306660000	0,0910513359	-0,000753888603	194357908000000	0,00124626798	802,332938	194357908000000	0,567429738	0,0469614672	0,0253508250	0,000000000000299311559	8599000000
0,00309460000	0,0893503662	-0,000815125977	190717089000000	0,00125076737	799,448806	190717089000000	0,566881029	0,0459159893	0,0253786347	0,000000000000276314921	8599000000
0,00312260000	0,0876226483	-0,000711020547	187019401000000	0,00124262423	804,690454	187019401000000	0,566314004	0,0453208165	0,0253944663	0,000000000000229637235	8599000000
0,00315060000	0,0853723101	-0,000812406920	182203775000000	0,00124325952	804,282184	182203775000000	0,565560188	0,0441312730	0,0254261081	0,000000000000181104927	8599000000
0,00317860000	0,0834382521	-0,000742585397	178065500000000	0,00126742826	788,946658	178065500000000	0,564897877	0,0423065174	0,0254746466	0,000000000000156164681	8599000000
0,00320660000	0,0813887996	-0,000757443059	173680848000000	0,00126537169	790,231558	173680848000000	0,564180757	0,0413318360	0,0255005732	0,000000000000124115096	8599000000
0,00323460000	0,0796037331	-0,000802873713	169862274000000	0,00124765243	801,457373	169862274000000	0,563542719	0,0409972000	0,0255094745	0,0000000000000905550828	8599000000
0,00326260000	0,0777544046	-0,000698283146	165906670000000	0,00123330413	810,784316	165906670000000	0,562867900	0,0405083487	0,0255224779	0,0000000000000757599665	8599000000
0,00329060000	0,0760533808	-0,000843084346	162268674000000	0,00124755788	801,522305	162268674000000	0,562234220	0,0391674108	0,0255581469	0,0000000000000940526807	8599000000
0,00331860000	0,0746036804	-0,000706224598	159168483000000	0,00126686322	789,309144	159168483000000	0,561683919	0,0378336490	0,0255936249	0,000000000000131315328	8599000000
0,00334660000	0,0729542051	-0,000837653802	155641406000000	0,00127279806	785,630375	155641406000000	0,561045827	0,0368227754	0,0256205142	0,000000000000156412164	8599000000
0,00337460000	0,0713632228	-0,000779412953	152239740000000	0,00127614410	783,572092	152239740000000	0,560417785	0,0359235456	0,0256444337	0,000000000000193331715	8599000000
0,00340260000	0,0698336223	-0,000780241237	148969624000000	0,00127613122	783,581636	148969624000000	0,559801809	0,0351522614	0,0256649498	0,000000000000244603253	8599000000
0,00343060000	0,0683982557	-0,000844916546	145901248000000	0,00128486783	778,254833	145901248000000	0,559212465	0,0341941200	0,0256904364	0,000000000000279610734	8599000000
0,00345860000	0,0671342401	-0,000724101766	143199391000000	0,00128568300	777,762662	143199391000000	0,558684028	0,0335396207	0,0257078461	0,000000000000288489087	8599000000
0,00348660000	0,0654856201	-0,000858816534	139675747000000	0,00127484458	784,376956	139675747000000	0,557980930	0,0329924555	0,0257224007	0,000000000000269828671	8599000000
0,00351460000	0,0641139698	-0,000728327422	136744350000000	0,00126534293	790,268549	136744350000000	0,557383463	0,0325425833	0,0257343673	0,000000000000271132909	8599000000
0,00354260000	0,0625077812	-0,000823875477	133312025000000	0,00125574408	796,311102	133312025000000	0,556668716	0,0319682648	0,0257496442	0,000000000000284296436	8599000000
0,00357060000	0,0612141893	-0,000805426280	130547945000000	0,00126403211	791,090854	130547945000000	0,556080675	0,0311001735	0,0257727354	0,000000000000292374772	8599000000
0,00359860000	0,0598711503	-0,000758208081	127678440000000	0,00125998804	793,631264	127678440000000	0,555457910	0,0305142024	0,0257883222	0,000000000000314836723	8599000000
0,00362660000	0,0586870099	-0,000850984383	125148630000000	0,00126329629	791,553941	125148630000000	0,554898036	0,0298312710	0,0258064882	0,000000000000305369751	8599000000
0,00365460000	0,0572929011	-0,000717477731	122170476000000	0,00126719538	789,119516	122170476000000	0,554225346	0,0290317733	0,0258277548	0,000000000000304277534	8599000000
0,00368260000	0,0558742544	-0,000851958032	119140164000000	0,00126860704	788,242596	119140164000000	0,553525079	0,0282801660	0,0258477476	0,000000000000288887477	8599000000
0,00371060000	0,0547194108	-0,000768227445	116673545000000	0,00127390233	784,966942	116673545000000	0,552942752	0,0275795478	0,0258663840	0,000000000000260646371	8599000000
0,00373860000	0,0537379907	-0,000810221808	114577477000000	0,00128441476	778,542916	114577477000000	0,552438838	0,0268624022	0,0258854601	0,000000000000251617070	8599000000
0,00376660000	0,0525788472	-0,000845814645	112101999000000	0,00129016518	775,073690	112101999000000	0,551832538	0,0261648904	0,0259040139	0,000000000000276643384	8599000000
0,00379460000	0,0514769831	-0,000749221307	109749010000000	0,00129837361	770,174342	109749010000000	0,551244556	0,0254537522	0,0259229302	0,000000000000341697978	8599000000
0,00382260000	0,0503218530	-0,000867062543	107282445000000	0,00133799231	747,369344	107282445000000	0,550615427	0,0241449284	0,0259577449	0,000000000000400094506	8599000000
0,00385060000	0,0492167225	-0,000733482370	104922808000000	0,00135755909	736,597910	104922808000000	0,550000793	0,0232735182	0,0259809244	0,000000000000433379368	8599000000
0,00387860000	0,0480909467	-0,000830045784	102519254000000	0,00133189017	750,795214	102519254000000	0,549361279	0,0231786376	0,0259834482	0,000000000000422259232	8599000000
0,00390660000	0,0472651401	-0,000783985703	100756247000000	0,00131254952	761,859165	100756247000000	0,548883205	0,0231157060	0,0259851222	0,000000000000380279859	8599000000
0,00393460000	0,0462301586	-0,000770674298	98546799400000	0,00128354087	779,078664	98546799400000	0,548272871	0,0231197802	0,0259850138	0,000000000000357347598	8599000000
0,00396260000	0,0453664168	-0,000844530363	96703017200000	0,00127872064	782,016116	96703017200000	0,547753636	0,0227727369	0,0259942452	0,000000000000330661844	8599000000
0,00399060000	0,0446696410	-0,000734232573	95215719500000	0,00129700530	770,991823	95215719500000	0,547327970	0,0221063877	0,0260119701	0,000000000000295203497	8599000000
0,00401860000	0,0436262521	-0,000855256372	92988680600000	0,00131915484	758,046768	92988680600000	0,546678752	0,0212268323	0,0260353663	0,000000000000248215354	8599000000
0,00404660000	0,0426228497	-0,000749956937	90847124700000	0,00134066314	745,885827	90847124700000	0,546040497	0,0204052725	0,0260572198	0,000000000000210993304	8599000000
0,00407460000	0,0415445532	-0,000802012137	88545870000000	0,00132882218	752,533125	88545870000000	0,545338642	0,0200656079	0,0260662548	0,000000000000201547518	8599000000
0,00410260000	0,0403563917	-0,000806832865	86010323300000	0,00131368909	761,202839	86010323300000	0,544545114	0,0197155486	0,0260755664	0,000000000000183332672	8599000000
0,00413060000	0,0396187312	-0,000753364723	84436242600000	0,00128518134	778,088478	84436242600000	0,544041292	0,0197840576	0,0260737441	0,000000000000198201609	8599000000
0,00415860000	0,0387334416	-0,000843053995	82547233600000	0,00127048595	787,089090	82547233600000	0,543424807	0,0195651660	0,0260795666	0,000000000000176758723	8599000000
0,00418660000	0,0382296533	-0,000733296318	81472308500000	0,00128983047	775,284668	81472308500000	0,543068012	0,0190207777	0,0260940473	0,000000000000224008457	8599000000
0,00421460000	0,0375683237	-0,000810097579	80061290600000	0,00131361575	761,246981	80061290600000	0,542592828	0,0183529178	0,0261118124	0,000000000000301637845	8599000000
0,00424260000	0,0366934239	-0,000748684097	78194686200000	0,00135360197	738,759459	78194686200000	0,541951867	0,0173955090	0,0261372795	0,000000000000296357277	8599000000
0,00427060000	0,0360041363	-0,000747812117	76724157600000	0,00136519431	732,486687	76724157600000	0,541436602	0,0169234358	0,0261498366	0,000000000000240061551	8599000000
0,00429860000	0,0350662937	-0,000775857049	74723461200000	0,00135510800	737,939291	74723461200000	0,540720292	0,0166048115	0,0261583120	0,000000000000202560693	8599000000
0,00432660000	0,0344728808	-0,000706175569	73457595100000	0,00133961441	746,474504	73457595100000	0,540257593	0,0165123078	0,0261607726	0,000000000000177245933	8599000000
0,00435460000	0,0335403839	-0,000773331594	71468490400000	0,00129776777	770,545410	71468490400000	0,539514974	0,0165832064	0,0261588867	0,000000000000186003667	8599000000
0,00438260000	0,0330305374	-0,000710394662	70380987400000	0,00132091651	757,041896	70380987400000	0,539100593	0,0160446729	0,0261732117	0,000000000000186003667	8599000000
0,00441060000	0,0321909424	-0,000744203125	68590205600000	0,00133059461	751,535895	68590205600000	0,538404741	0,0155226986	0,0261870962	0,000000000000302430685	8599000000
0,00443860000	0,0315564980	-0,000729212664	67237053300000	0,00132543631	754,461039	67237053300000	0,537867343	0,0152756848	0,0261936668	0,000000000000366894749	8599000000
0,00446660000	0,0308727980	-0,000737171464	65778907400000	0,00131734231	759,096957	65778907400000	0,537276556	0,0150362277	0,0262000363	0,000000000000446330712	8599000000
0,00449460000	0,0302554611	-0,000752178447	64462348700000	0,00133095756	751,331861	64462348700000	0,536732278	0,0145845421	0,0262120512	0,000000000000435955601	8599000000
0,00452260000	0,0296391047	-0,000764286074	63147931200000	0,00134077573	745,830270	63147931200000	0,536178170	0,0141825351	0,0262227446	0,000000000000414152424	8599000000
0,00455060000	0,0292350905	-0,000777302681	62286373600000	0,00134603497	742,916309	62286373600000	0,535808946	0,0139343779	0,0262293455	0,000000000000425947072	8599000000
0,00457860000	0,0285749015	-0,000783171241	60878571300000	0,00136125216	734,611601	60878571300000	0,535194962	0,0134671827	0,0262417729	0,000000000000422353026	8599000000
0,00460660000	0,0278441894	-0,000780089306	59320450600000	0,00134789360	741,892483	59320450600000	0,534499341	0,0132525579	0,0262474820	0,000000000000455943609	8599000000
0,00463460000	0,0272726802	-0,000763118739	58101852500000	0,00132929024	752,275556	58101852500000	0,533942967	0,0131619745	0,0262498915	0,000000000000471499545	8599000000
0,00466260000	0,0267509661	-0,000782062361	56989467500000	0,00133173139	750,896783	56989467500000	0,533425213	0,0128863179	0,0262572239	0,000000000000519949345	8599000000
0,00469060000	0,0262154107	-0,000724798780	55847607600000	0,00129662677	771,226780	55847607600000	0,532883536	0,0129700148	0,0262549976	0,000000000000531816648	8599000000
0,00471860000	0,0256390663	-0,000784778681	54618823600000	0,00128182853	780,130596	54618823600000	0,532288591	0,0128310823	0,0262586932	0,000000000000456812630	8599000000
0,00474660000	0,0251890417	-0,000708283809	53659388000000	0,00133448049	749,350502	53659388000000	0,531815031	0,0121083333	0,0262779183	0,000000000000429978383	8599000000
0,00477460000	0,0245263353	-0,000729306523	52246571100000	0,00135705911	736,883047	52246571100000	0,531102627	0,0115933756	0,0262916162	0,000000000000346042005	8599000000
0,00480260000	0,0239744162	-0,000720505562	51069984800000	0,00135201943	739,630012	51069984800000	0,530495021	0,0113745356	0,0262974374	0,000000000000300127716	8599000000
0,00483060000	0,0235566857	-0,000648984174	50179489900000	0,00134073738	745,854043	50179489900000	0,530026109	0,0112702462	0,0263002115	0,000000000000186997000	8599000000
0,00485860000	0,0228733284	-0,000725737349	48722795800000	0,00135697069	736,931652	48722795800000	0,529241450	0,0108121637	0,0263123964	-0,0000000000000802897781	8599000000
0,00488660000	0,0226254128	-0,000613325391	48194336200000	0,00136897583	730,469230	48194336200000	0,528951177	0,0106011041	0,0263180106	-0,0000000000000997640884	8599000000
0,00491460000	0,0221755195	-0,000714190720	47235359100000	0,00136530498	732,433381	47235359100000	0,528416483	0,0104180977	0,0263228786	-0,000000000000253759791	8599000000
0,00494260000	0,0218169372	-0,000656645276	46471036900000	0,00140036596	714,095462	46471036900000	0,527982749	0,00999290355	0,0263341888	-0,000000000000279503898	8599000000
0,00497060000	0,0212919469	-0,000660323940	45352044500000	0,00138020623	724,525994	45352044500000	0,527335132	0,00989472588	0,0263368003	-0,000000000000390805253	8599000000
0,00499860000	0,0208594059	-0,000723116213	44430130900000	0,00140315075	712,678524	44430130900000	0,526789841	0,00953507561	0,0263463670	-0,000000000000469688818	8599000000
0,00502660000	0,0206193430	-0,000615066672	43918473900000	0,00141034486	709,043236	43918473900000	0,526482459	0,00937719181	0,0263505667	-0,000000000000614889011	8599000000
0,00505460000	0,0200352792	-0,000754821726	42673663900000	0,00137218064	728,764002	42673663900000	0,525719884	0,00936482197	0,0263508957	-0,00000000000116113968	8599000000
0,00508260000	0,0196819260	-0,000628286628	41920587100000	0,00134529178	743,330249	41920587100000	0,525248002	0,00938343277	0,0263504007	-0,00000000000161149116	8599000000
0,00511060000	0,0192284059	-0,000728077503	40954056100000	0,00131720721	759,179211	40954056100000	0,524630164	0,00936254030	0,0263509564	-0,00000000000178275056	8599000000
0,00513860000	0,0188062268	-0,000715398943	40054342400000	0,00134748319	742,121624	40054342400000	0,524042176	0,00895111487	0,0263619003	-0,00000000000189732620	8599000000
0,00516660000	0,0184722349	-0,000677502916	39342583100000	0,00134291787	744,644604	39342583100000	0,523567858	0,00882194398	0,0263653363	-0,00000000000172695732	8599000000
0,00519460000	0,0180262410	-0,000780459162	38392162600000	0,00135281121	739,198998	38392162600000	0,522921317	0,00854586962	0,0263726799	-0,00000000000167150191	8599000000
0,00522260000	0,0177861101	-0,000654752713	37880450700000	0,00135373455	738,694875	37880450700000	0,522566738	0,00842621436	0,0263758627	-0,00000000000126059553	8599000000
0,00525060000	0,0171996684	-0,000776260373	36630792300000	0,00131614173	759,794362	36630792300000	0,521680833	0,00838097473	0,0263770661	-0,000000000000576591325	8599000000
0,00527860000	0,0169223541	-0,000677686004	36039874600000	0,00134345592	744,346792	36039874600000	0,521251622	0,00807812798	0,0263851218	-0,000000000000554748008	8599000000
0,00530660000	0,0166368498	-0,000709819063	35431515800000	0,00132232359	756,242461	35431515800000	0,520802519	0,00806868696	0,0263853729	0,000000000000315077651	8599000000
0,00533460000	0,0163735788	-0,000728464284	34870541500000	0,00130338674	767,229968	34870541500000	0,520381684	0,00805631190	0,0263857021	0,000000000000747442231	8599000000
0,00536260000	0,0160775593	-0,000649948957	34239798300000	0,00127344782	785,267762	34239798300000	0,519900552	0,00809656716	0,0263846313	0,000000000000747442231	8599000000
0,00539060000	0,0155507960	-0,000738188339	33117426700000	0,00127405809	784,891745	33117426700000	0,519022617	0,00782741270	0,0263917908	0,00000000000168820114	8599000000
0,00541860000	0,0153139230	-0,000650682223	32612734700000	0,00131050509	763,062801	32612734700000	0,518618333	0,00749375317	0,0264006662	0,00000000000201880773	8599000000
0,00544660000	0,0149656480	-0,000703979243	31870698300000	0,00128631692	777,411708	31870698300000	0,518012687	0,00746095598	0,0264015386	0,00000000000216302527	8599000000
0,00547460000	0,0145666330	-0,000674678533	31020574600000	0,00126099562	793,022568	31020574600000	0,517301649	0,00740776402	0,0264029535	0,00000000000196533748	8599000000
0,00550260000	0,0141973585	-0,000667566866	30233833400000	0,00122816795	814,219371	30233833400000	0,516626443	0,00741286917	0,0264028177	0,00000000000206162211	8599000000
0,00553060000	0,0138416887	-0,000699690966	29476094300000	0,00124768261	801,484444	29476094300000	0,515959678	0,00711404644	0,0264107664	0,00000000000172939581	8599000000
0,00555860000	0,0136290370	-0,000676150192	29023057000000	0,00128923148	775,654497	29023057000000	0,515552972	0,00677896096	0,0264196796	0,00000000000129300839	8599000000
0,00558660000	0,0132981151	-0,000713388840	28318066500000	0,00127841627	782,216501	28318066500000	0,514907551	0,00667025119	0,0264225713	0,000000000000679507624	8599000000
0,00561460000	0,0130975870	-0,000701489071	27890871900000	0,00133385189	749,707134	27890871900000	0,514508750	0,00629658923	0,0264325107	0,000000000000698857370	8599000000
0,00564260000	0,0128002945	-0,000711661491	27257545200000	0,00140802472	710,213570	27257545200000	0,513906366	0,00582944676	0,0264449367	-0,000000000000106464566	8599000000
0,00567060000	0,0125332711	-0,000712478840	26688711200000	0,00144643546	691,353549	26688711200000	0,513353512	0,00555621983	0,0264522046	-0,000000000000253489535	8599000000
0,00569860000	0,0122642894	-0,000711544797	26115715000000	0,00145524484	687,168459	26115715000000	0,512784805	0,00540401732	0,0264562531	-0,000000000000960795875	8599000000
0,00572660000	0,0120912540	-0,000690200436	25747112700000	0,00145675477	686,456239	25747112700000	0,512412456	0,00532222176	0,0264584289	-0,00000000000117277496	8599000000
0,00575460000	0,0117834188	-0,000710548788	25091367900000	0,00146145517	684,248478	25091367900000	0,511736925	0,00516999022	0,0264624783	-0,00000000000177316412	8599000000
0,00578260000	0,0117026565	-0,000663826138	24919331600000	0,00148850122	671,815685	24919331600000	0,511556828	0,00504124814	0,0264659028	-0,00000000000206919357	8599000000
0,00581060000	0,0114636002	-0,000685997359	24410109700000	0,00146607658	682,091620	24410109700000	0,511016501	0,00501376478	0,0264666339	-0,00000000000238728830	8599000000
0,00583860000	0,0112399803	-0,000671685909	23933776100000	0,00144846740	690,383935	23933776100000	0,510500956	0,00497569073	0,0264676466	-0,00000000000222607570	8599000000
0,00586660000	0,0110413532	-0,000649498798	23510685400000	0,00140950655	709,467231	23510685400000	0,510034511	0,00502283685	0,0264663925	-0,00000000000248771278	8599000000
0,00589460000	0,0107748740	-0,000697836059	22943072800000	0,00140671124	710,877073	22943072800000	0,509395606	0,00491131177	0,0264693591	-0,00000000000283327683	8599000000
0,00592260000	0,0106560200	-0,000626157127	22689911600000	0,00136589131	732,121818	22689911600000	0,509105621	0,00500227473	0,0264669395	-0,00000000000235441193	8599000000
0,00595060000	0,0104006204	-0,000707037783	22145911800000	0,00129242728	773,737108	22145911800000	0,508471576	0,00515986487	0,0264627476	-0,00000000000375323364	8599000000
0,00597860000	0,0101180141	-0,000653522321	21543972000000	0,00127812049	782,398076	21543972000000	0,507751891	0,00507580415	0,0264649836	-0,00000000000369033004	8599000000
0,00600660000	0,00990110299	-0,000682066530	21081967500000	0,00122500556	816,322088	21081967500000	0,507185962	0,00518231681	0,0264621504	-0,00000000000371542934	8599000000
0,00603460000	0,00963064905	-0,000701680541	20505929400000	0,00119726200	835,238374	20505929400000	0,506462995	0,00515752261	0,0264628099	-0,00000000000306829467	8599000000
0,00606260000	0,00952727719	-0,000644973924	20285761000000	0,00119812375	834,637643	20285761000000	0,506181372	0,00509847749	0,0264643805	-0,00000000000248222827	8599000000
0,00609060000	0,00915462411	-0,000727335942	19492070600000	0,00119442664	837,221153	19492070600000	0,505140532	0,00491416093	0,0264692833	-0,0000000000000564025706	8599000000
0,00611860000	0,00905605127	-0,000640196004	19282129600000	0,00125082437	799,472132	19282129600000	0,504858229	0,00464204709	0,0264765215	0,000000000000639428182	8599000000
0,00614660000	0,00877261533	-0,000710375070	18678473300000	0,00124586723	802,653165	18678473300000	0,504029298	0,00451461261	0,0264799113	0,00000000000460187637	8599000000
0,00617460000	0,00853143399	-0,000669705168	18164818400000	0,00125638359	795,934713	18164818400000	0,503302880	0,00435371187	0,0264841913	0,00000000000696022594	8599000000
0,00620260000	0,00833125320	-0,000660513510	17738490000000	0,00125612114	796,101040	17738490000000	0,502684401	0,00425241855	0,0264868857	0,00000000000853368374	8599000000
0,00623060000	0,00820275580	-0,000695188158	17464829800000	0,00128241938	779,775605	17464829800000	0,502279621	0,00410095651	0,0264909146	0,0000000000109036999	8599000000
0,00625860000	0,00813398736	-0,000632165374	17318374900000	0,00131232237	762,007391	17318374900000	0,502060416	0,00397390503	0,0264942941	0,0000000000125381650	8599000000
0,00628660000	0,00792604980	-0,000695204102	16875538000000	0,00131035043	763,154159	16875538000000	0,501386294	0,00387811828	0,0264968421	0,0000000000139506603	8599000000
0,00631460000	0,00775680889	-0,000644185753	16515116100000	0,00135718915	736,816519	16515116100000	0,500824609	0,00366430935	0,0265025294	0,0000000000148375885	8599000000
0,00634260000	0,00759317603	-0,000672701038	16166640900000	0,00139333182	717,703696	16166640900000	0,500269910	0,00349394542	0,0265070611	0,0000000000143193904	8599000000
0,00637060000	0,00748023386	-0,000666597492	15926119500000	0,00139622078	716,218685	15926119500000	0,499880116	0,00343484189	0,0265086332	0,0000000000126463645	8599000000
0,00639860000	0,00726258480	-0,000654911178	15462619300000	0,00135241691	739,416562	15462619300000	0,499112272	0,00344289161	0,0265084191	0,0000000000110334858	8599000000
0,00642660000	0,00713099415	-0,000667164123	15182390100000	0,00135703355	736,901074	15182390100000	0,498636924	0,00336899557	0,0265103847	0,00000000000981428872	8599000000
0,00645460000	0,00697254507	-0,000656363554	14844967500000	0,00136465615	732,784958	14844967500000	0,498052913	0,00327572091	0,0265128658	0,00000000000800200526	8599000000
0,00648260000	0,00681170454	-0,000654153495	14502455600000	0,00137657659	726,439435	14502455600000	0,497446511	0,00317242997	0,0265156134	0,00000000000767246217	8599000000
0,00651060000	0,00669479057	-0,000663111113	14253488000000	0,00141454404	706,941242	14253488000000	0,496996767	0,00303427934	0,0265192882	0,00000000000449309085	8599000000
0,00653860000	0,00653976826	-0,000657737249	13923371700000	0,00147266307	679,041626	13923371700000	0,496388297	0,00284702907	0,0265242690	0,00000000000363114303	8599000000
0,00656660000	0,00648977175	-0,000651916289	13816906100000	0,00151068644	661,950418	13816906100000	0,496189012	0,00275414850	0,0265267396	0,00000000000206356451	8599000000
0,00659460000	0,00633402191	-0,000676174084	13485244800000	0,00154882403	645,650839	13485244800000	0,495558313	0,00262184877	0,0265302588	0,000000000000895815045	8599000000
0,00662260000	0,00620215986	-0,000634106359	13204453900000	0,00159686451	626,226917	13204453900000	0,495012229	0,00249002240	0,0265337654	-0,00000000000303304702	8599000000
0,00665060000	0,00610034322	-0,000683179550	12987644100000	0,00156535579	638,832123	12987644100000	0,494582652	0,00249843580	0,0265335416	-0,00000000000448963441	8599000000
0,00667860000	0,00605827514	-0,000643698143	12898064100000	0,00154661363	646,573619	12898064100000	0,494403086	0,00251127098	0,0265332002	-0,00000000000609452925	8599000000
0,00670660000	0,00594960837	-0,000661657700	12666669700000	0,00151808358	658,724994	12666669700000	0,493933469	0,00251256695	0,0265331657	-0,00000000000835346937	8599000000
0,00673460000	0,00579823336	-0,000672457256	12344335200000	0,00158688104	630,166707	12344335200000	0,493264925	0,00234247096	0,0265376903	-0,00000000000873858658	8599000000
0,00676260000	0,00578664337	-0,000629505249	12319655900000	0,00166001892	602,402522	12319655900000	0,493213028	0,00223478846	0,0265405546	-0,00000000000873858658	8599000000
0,00679060000	0,00560556236	-0,000688465298	11934070400000	0,00161481390	619,266170	11934070400000	0,492388539	0,00222544567	0,0265408031	-0,00000000000633905244	8599000000
0,00681860000	0,00550078560	-0,000620742859	11710965600000	0,00153710767	650,572287	11710965600000	0,491899336	0,00229424237	0,0265389732	-0,00000000000766623588	8599000000
0,00684660000	0,00532127476	-0,000670566569	11328730400000	0,00139163369	718,579690	11328730400000	0,491039329	0,00245136052	0,0265347938	-0,00000000000301502557	8599000000
0,00687460000	0,00529450646	-0,000642508738	11271732600000	0,00141792428	705,256065	11271732600000	0,490908628	0,00239380360	0,0265363248	-0,000000000000637046740	8599000000
0,00690260000	0,00527892693	-0,000636124642	11238559100000	0,00139847266	715,065612	11238559100000	0,490832256	0,00241995636	0,0265356292	-0,000000000000637046740	8599000000
0,00693060000	0,00511032647	-0,000664596286	10879560300000	0,00130667211	765,302740	10879560300000	0,489991170	0,00250723825	0,0265333075	0,000000000000114408259	8599000000
0,00695860000	0,00505420873	-0,000621818226	10760070400000	0,00131737365	759,085889	10760070400000	0,489705105	0,00245955773	0,0265345758	0,00000000000287737136	8599000000
0,00698660000	0,00490033670	-0,000659965102	10432437100000	0,00132179802	756,545058	10432437100000	0,488904263	0,00237668463	0,0265367802	0,00000000000407233670	8599000000
0,00701460000	0,00475251447	-0,000632897366	10117688400000	0,00132460975	754,939164	10117688400000	0,488111060	0,00230008684	0,0265388177	0,00000000000569636192	8599000000
0,00704260000	0,00469557390	-0,000641794186	9996449130000	0,00127087930	786,856618	9996449130000	0,487798972	0,00236860332	0,0265369952	0,00000000000438552600	8599000000
0,00707060000	0,00456441093	-0,000642425063	9717175350000	0,00123194419	811,724929	9717175350000	0,487065546	0,00237519837	0,0265368197	0,00000000000851832229	8599000000
0,00709860000	0,00441903259	-0,000638502661	9407636710000	0,00123010431	812,939042	9407636710000	0,486227780	0,00230297635	0,0265387408	0,00000000000900677562	8599000000
0,00712660000	0,00432434143	-0,000633212123	9206022400000	0,00120652917	828,823580	9206022400000	0,485667261	0,00229765638	0,0265388823	0,00000000000566076875	8599000000
0,00715460000	0,00421434664	-0,000646366349	8971825450000	0,00123291389	811,086520	8971825450000	0,485000647	0,00219128542	0,0265417118	0,00000000000713622132	8599000000
0,00718260000	0,00419164076	-0,000624419946	8923481090000	0,00132163769	756,636883	8923481090000	0,484860890	0,00203316568	0,0265459178	0,00000000000713622132	8599000000
0,00721060000	0,00410616659	-0,000639538016	8741493920000	0,00140007162	714,249048	8741493920000	0,484327959	0,00188012310	0,0265499887	0,00000000000376071772	8599000000
0,00723860000	0,00400111165	-0,000632075009	8517817710000	0,00153099427	653,170190	8517817710000	0,483657640	0,00167535041	0,0265554357	0,000000000000697170280	8599000000
0,00726660000	0,00395082244	-0,000614214078	8410745680000	0,00160720591	622,197694	8410745680000	0,483330550	0,00157584631	0,0265580825	0,000000000000697170280	8599000000
0,00729460000	0,00379621879	-0,000648318633	8081577270000	0,00165608651	603,833081	8081577270000	0,482298434	0,00146948105	0,0265609118	-0,00000000000379856098	8599000000
0,00732260000	0,00375130936	-0,000595802671	7985960670000	0,00175005395	571,410850	7985960670000	0,481990786	0,00137412617	0,0265634482	-0,00000000000566698485	8599000000
0,00735060000	0,00374336473	-0,000642939888	7969045810000	0,00180610002	553,679086	7969045810000	0,481935981	0,00132866472	0,0265646575	-0,00000000000566698485	8599000000
0,00737860000	0,00371023901	-0,000604031888	7898518100000	0,00190380892	525,262694	7898518100000	0,481706216	0,00124931841	0,0265667681	-0,00000000000559255494	8599000000
0,00740660000	0,00366355567	-0,000615209383	7799125210000	0,00181930001	549,661855	7799125210000	0,481378928	0,00129089955	0,0265656621	-0,00000000000559255494	8599000000
0,00743460000	0,00356576203	-0,000626096046	7590915000000	0,00174807108	572,059023	7590915000000	0,480679663	0,00130763315	0,0265652170	-0,00000000000950859385	8599000000
0,00746260000	0,00356105777	-0,000593071478	7580899300000	0,00176931333	565,190920	7580899300000	0,480645546	0,00129022917	0,0265656799	-0,00000000000950859385	8599000000
0,00749060000	0,00352467397	-0,000628515609	7503435730000	0,00161395932	619,594210	7503435730000	0,480380160	0,00139996914	0,0265627608	-0,00000000000950859385	8599000000
0,00751860000	0,00349655359	-0,000597473351	7443565650000	0,00149513819	668,834407	7443565650000	0,480173176	0,00149916892	0,0265601221	-0,0000000000141189122	8599000000
0,00754660000	0,00341037498	-0,000616016841	7260086580000	0,00140940363	709,519868	7260086580000	0,479528378	0,00155116249	0,0265587391	-0,0000000000118316643	8599000000
0,00757460000	0,00330125114	-0,000612846771	7027757240000	0,00133594128	748,535812	7027757240000	0,478688247	0,00158409149	0,0265578632	-0,0000000000178880462	8599000000
0,00760260000	0,00318939632	-0,000616218906	6789615190000	0,00129939388	769,589512	6789615190000	0,477797925	0,00157345825	0,0265581460	-0,0000000000221338267	8599000000
0,00763060000	0,00311845245	-0,000614542264	6638574540000	0,00123828848	807,566186	6638574540000	0,477216994	0,00161437298	0,0265570577	-0,0000000000238129770	8599000000
0,00765860000	0,00303109729	-0,000626285597	6452594930000	0,00118788020	841,835667	6452594930000	0,476483343	0,00163573385	0,0265564895	-0,0000000000223770831	8599000000
0,00768660000	0,00298206467	-0,000604681498	6348204660000	0,00117510944	850,984500	6348204660000	0,476062269	0,00162675999	0,0265567282	-0,0000000000218872795	8599000000
0,00771460000	0,00290132649	-0,000627274020	6176314050000	0,00116787959	856,252590	6176314050000	0,475353673	0,00159251005	0,0265576392	-0,0000000000211423425	8599000000
0,00774260000	0,00280594098	-0,000614849826	5973240580000	0,00121758267	821,299410	5973240580000	0,474490791	0,00147727867	0,0265607044	-0,00000000000471882485	8599000000
0,00777060000	0,00280904078	-0,000611779260	5979839960000	0,00127266905	785,750174	5979839960000	0,474519289	0,00141489743	0,0265623637	-0,00000000000471882485	8599000000
0,00779860000	0,00272553747	-0,000634367173	5802064370000	0,00128044648	780,977531	5802064370000	0,473740452	0,00136449514	0,0265637044	0,00000000000743923995	8599000000
0,00782660000	0,00272400867	-0,000595118979	5798809610000	0,00136563136	732,261982	5798809610000	0,473725972	0,00127866345	0,0265659876	0,00000000000743923995	8599000000
0,00785460000	0,00261985551	-0,000640747977	5577072520000	0,00136286533	733,748163	5577072520000	0,472719972	0,00123226533	0,0265672217	0,0000000000207747626	8599000000
0,00788260000	0,00256160676	-0,000599487360	5453064360000	0,00138802794	720,446545	5453064360000	0,472139848	0,00118302329	0,0265685316	0,0000000000240786567	8599000000
0,00791060000	0,00250958965	-0,000624957056	5342323380000	0,00140907618	709,684790	5342323380000	0,471610576	0,00114168575	0,0265696312	0,0000000000310970479	8599000000
0,00793860000	0,00243874078	-0,000619697363	5191491400000	0,00143036026	699,124525	5191491400000	0,470871842	0,00109294318	0,0265709277	0,0000000000383013869	8599000000
0,00796660000	0,00239971478	-0,000610234844	5108408230000	0,00138176072	723,714262	5108408230000	0,470455739	0,00111327801	0,0265703868	0,0000000000383013869	8599000000
0,00799460000	0,00238482188	-0,000622530868	5076702510000	0,00137238740	728,657187	5076702510000	0,470295168	0,00111392480	0,0265703696	-0,000000000475040585	8599000000
0,00802260000	0,00231452242	-0,000610158834	4927041330000	0,00153745387	650,425979	4927041330000	0,469523480	0,000965017060	0,0265743305	-0,000000000517306194	8599000000
0,00805060000	0,00225600805	-0,000612015962	4802470050000	0,00153145748	652,972709	4802470050000	0,468863140	0,000944301327	0,0265748816	-0,000000000567498792	8599000000
0,00807860000	0,00226195434	-0,000611061499	4815129100000	0,00144651914	691,314699	4815129100000	0,468931019	0,00100238516	0,0265733366	-0,000000000567498792	8599000000
0,00810660000	0,00222243836	-0,000614097750	4731003730000	0,00140100849	713,771512	4731003730000	0,468476557	0,00101686524	0,0265729514	-0,000000000620990659	8599000000
0,00813460000	0,00215737961	-0,000600970424	4592500940000	0,00130631366	765,512896	4592500940000	0,467710500	0,00105865064	0,0265718399	-0,000000000738429072	8599000000
0,00816260000	0,00211613158	-0,000630425296	4504688790000	0,00134542965	743,256962	4504688790000	0,467212794	0,00100821854	0,0265731814	-0,000000000738429072	8599000000
0,00819060000	0,00213805812	-0,000589767349	4551367750000	0,00151450176	660,283122	4551367750000	0,467478555	0,000904946753	0,0265759284	-0,000000000738429072	8599000000
0,00821860000	0,00202576817	-0,000632506829	4312316630000	0,00142243727	703,018670	4312316630000	0,466087786	0,000912910913	0,0265757166	-0,000000000902809275	8599000000
0,00824660000	0,00195937558	-0,000601271210	4170976000000	0,00134533016	743,311931	4170976000000	0,465228865	0,000933597524	0,0265751663	-0,00000000109211782	8599000000
0,00827460000	0,00190197587	-0,000612118579	4048780420000	0,00133325529	750,043874	4048780420000	0,464462572	0,000914453838	0,0265756755	-0,00000000120190607	8599000000
0,00830260000	0,00186530282	-0,000621025525	3970709110000	0,00138798326	720,469757	3970709110000	0,463960817	0,000861459218	0,0265770852	-0,00000000130749514	8599000000
0,00833060000	0,00186524199	-0,000595996422	3970579590000	0,00134909940	741,235200	3970579590000	0,463959976	0,000886259362	0,0265764255	-0,00000000130749514	8599000000
0,00835860000	0,00183572090	-0,000613975775	3907733840000	0,00139570519	716,483661	3907733840000	0,463548863	0,000843105964	0,0265775734	-0,00000000143114572	8599000000
0,00838660000	0,00180501951	-0,000610130701	3842375540000	0,00169708126	589,246952	3842375540000	0,463114261	0,000681785955	0,0265818645	-0,00000000160522334	8599000000
0,00841460000	0,00178227213	-0,000594131145	3793950100000	0,00178587529	559,949490	3793950100000	0,462787474	0,000639722118	0,0265829834	-0,00000000160522334	8599000000
0,00844260000	0,00171883747	-0,000619442353	3658908520000	0,00172230897	580,615892	3658908520000	0,461853723	0,000639722118	0,0265829834	-0,00000000218356772	8599000000
0,00847060000	0,00172688637	-0,000592786737	3676043230000	0,00173037457	577,909535	3676043230000	0,461974088	0,000639722118	0,0265829834	-0,00000000218356772	8599000000
0,00849860000	0,00167568431	-0,000600213696	3567043100000	0,00167906639	595,569042	3567043100000	0,461198662	0,000639722118	0,0265829834	-0,00000000254634863	8599000000
0,00852660000	0,00167798813	-0,000616528675	3571947520000	0,0000556173342	17980,0059	3571947520000	0,461234057	0,0193395240	0,0260855687	-0,00000000254634863	8599000000
