Time_(s)	Photoconductance_Signal_(V)	Reference_Voltage_(V)	Apparent_Carrier_Density_(cm-3)	Tau_(s)	Inverse_Tau_Auger_Corrected_(s-1)	Minority_Carrier_Density_(cm-3)	Implied_Voc_(V)	Implied_Suns_(suns)	Photogeneration_(A/cm2)	Jo_(A/cm2)	ni_(cm-3)
0,000355000000	0,620543756	0,428361228	3756981020000000	0,00000841972754	118745,258	3756981020000000	0,700236933	53,7467036	-1,40306232	0,000000000000656903061	8599000000
0,000403800000	0,609610141	0,419451136	3688632330000000	0,00000844215236	118430,619	3688632330000000	0,699635281	52,6287499	-1,37332475	0,000000000000656903061	8599000000
0,000452600000	0,596107914	0,409163463	3604333220000000	0,00000845662906	118228,862	3604333220000000	0,698880124	51,3379502	-1,33898948	0,000000000000640047270	8599000000
0,000501400000	0,582620159	0,398426448	3520242080000000	0,00000848190810	117877,429	3520242080000000	0,698111812	49,9907714	-1,30315452	0,000000000000616992086	8599000000
0,000550200000	0,568789378	0,388053270	3434134350000000	0,00000849562094	117688,123	3434134350000000	0,697308811	48,6892435	-1,26853388	0,000000000000601424543	8599000000
0,000599000000	0,555568674	0,377700422	3351940370000000	0,00000851957649	117358,076	3351940370000000	0,696526230	47,3902663	-1,23398108	0,000000000000586392576	8599000000
0,000647800000	0,541573558	0,367154861	3265054870000000	0,00000853710048	117118,092	3265054870000000	0,695681072	46,0671093	-1,19878511	0,000000000000566782638	8599000000
0,000696600000	0,528402132	0,356871302	3183398630000000	0,00000856344656	116758,589	3183398630000000	0,694869171	44,7768258	-1,16446357	0,000000000000555888513	8599000000
0,000745400000	0,514704307	0,347016616	3098597860000000	0,00000857203899	116642,421	3098597860000000	0,694007017	43,5403533	-1,13157340	0,000000000000555888513	8599000000
0,000794200000	0,501413938	0,337362213	3016435420000000	0,00000858354696	116486,851	3016435420000000	0,693152277	42,3290105	-1,09935168	0,000000000000537998942	8599000000
0,000843000000	0,488699221	0,327806612	2937938520000000	0,00000860387685	116212,347	2937938520000000	0,692316885	41,1300643	-1,06745971	0,000000000000515554897	8599000000
0,000891800000	0,475812891	0,318674490	2858488680000000	0,00000861109478	116115,689	2858488680000000	0,691451671	39,9842521	-1,03698111	0,000000000000478167444	8599000000
0,000940600000	0,463706290	0,309837402	2783943930000000	0,00000862572948	115919,358	2783943930000000	0,690620919	38,8754582	-1,00748719	0,000000000000441865875	8599000000
0,000989400000	0,451606304	0,301038235	2709534500000000	0,00000864056652	115720,965	2709534500000000	0,689772399	37,7714222	-0,978119832	0,000000000000406111606	8599000000
0,00103820000	0,439286825	0,292461704	2633872450000000	0,00000864559575	115654,313	2633872450000000	0,688888781	36,6953205	-0,949495525	0,000000000000345562388	8599000000
0,00108700000	0,427819955	0,284348418	2563534920000000	0,00000865481148	115531,758	2563534920000000	0,688047493	35,6773423	-0,922417305	0,000000000000300131314	8599000000
0,00113580000	0,416076332	0,276385424	2491587810000000	0,00000865426627	115539,641	2491587810000000	0,687166067	34,6782214	-0,895840688	0,000000000000253976662	8599000000
0,00118460000	0,405134074	0,268511722	2424630420000000	0,00000866865045	115348,451	2424630420000000	0,686325751	33,6903039	-0,869562084	0,000000000000210511643	8599000000
0,00123340000	0,394316325	0,260993783	2358510930000000	0,00000867514861	115262,567	2358510930000000	0,685475965	32,7470242	-0,844470845	0,000000000000164618586	8599000000
0,00128220000	0,383544803	0,253810822	2292749090000000	0,00000867192645	115305,905	2292749090000000	0,684609987	31,8457745	-0,820497601	0,000000000000111302959	8599000000
0,00133100000	0,373809422	0,246710221	2233377520000000	0,00000869048852	115060,050	2233377520000000	0,683809378	30,9548584	-0,796799233	0,0000000000000582714405	8599000000
0,00137980000	0,363116341	0,239772249	2168235930000000	0,00000868114107	115184,426	2168235930000000	0,682909309	30,0843474	-0,773643640	0,0000000000000100543777	8599000000
0,00142860000	0,352915391	0,233167165	2106161200000000	0,00000867148364	115313,156	2106161200000000	0,682029339	29,2556041	-0,751599069	-0,0000000000000437644125	8599000000
0,00147740000	0,343812436	0,226848629	2050824730000000	0,00000867883796	115215,817	2050824730000000	0,681225521	28,4628142	-0,730510857	-0,0000000000000922431514	8599000000
0,00152620000	0,334547021	0,220613010	1994555630000000	0,00000867929053	115210,187	1994555630000000	0,680388387	27,6804279	-0,709699382	-0,000000000000143823516	8599000000
0,00157500000	0,325755619	0,214462604	1941216490000000	0,00000868943601	115076,012	1941216490000000	0,679575436	26,9087332	-0,689172304	-0,000000000000201263807	8599000000
0,00162380000	0,316783473	0,208580406	1886832210000000	0,00000868418296	115145,971	1886832210000000	0,678726024	26,1706909	-0,669540378	-0,000000000000264414825	8599000000
0,00167260000	0,307727523	0,202905278	1831992680000000	0,00000866761442	115366,427	1831992680000000	0,677847314	25,4586296	-0,650599546	-0,000000000000330224579	8599000000
0,00172140000	0,299285708	0,197301357	1780919830000000	0,00000866529773	115397,579	1780919830000000	0,677007760	24,7555028	-0,631896374	-0,000000000000404926354	8599000000
0,00177020000	0,290892281	0,191895318	1730185370000000	0,00000865560538	115527,100	1730185370000000	0,676152349	24,0772043	-0,613853634	-0,000000000000485632160	8599000000
0,00181900000	0,283037802	0,186629425	1682749810000000	0,00000865582813	115524,396	1682749810000000	0,675332144	23,4164900	-0,596278633	-0,000000000000543949873	8599000000
0,00186780000	0,275001711	0,181524882	1634258690000000	0,00000864278747	115698,979	1634258690000000	0,674472115	22,7760203	-0,579242139	-0,000000000000611782984	8599000000
0,00191660000	0,267232510	0,176581226	1587417690000000	0,00000863010100	115869,316	1587417690000000	0,673619442	22,1557373	-0,562742613	-0,000000000000699512913	8599000000
0,00196540000	0,260316028	0,171779036	1545750590000000	0,00000863850229	115756,841	1545750590000000	0,672841821	21,5532040	-0,546715225	-0,000000000000770249886	8599000000
0,00201420000	0,252712935	0,167061314	1499982770000000	0,00000861945032	116012,944	1499982770000000	0,671965709	20,9612690	-0,530969756	-0,000000000000852408258	8599000000
0,00206300000	0,245808255	0,162522081	1458451510000000	0,00000861487162	116074,809	1458451510000000	0,671149661	20,3917292	-0,515819996	-0,000000000000932555989	8599000000
0,00211180000	0,239085239	0,158172814	1418042530000000	0,00000860650068	116187,904	1418042530000000	0,670335335	19,8460244	-0,501304249	-0,00000000000101217217	8599000000
0,00216060000	0,232145591	0,153859109	1376362100000000	0,00000858773601	116441,981	1376362100000000	0,669473159	19,3047816	-0,486907190	-0,00000000000111158836	8599000000
0,00220940000	0,225615041	0,149627216	1337167190000000	0,00000857915090	116558,684	1337167190000000	0,668640592	18,7738038	-0,472783182	-0,00000000000120334306	8599000000
0,00225820000	0,219088851	0,145642893	1298025970000000	0,00000855585221	116876,267	1298025970000000	0,667786812	18,2738887	-0,459485441	-0,00000000000128485106	8599000000
0,00230700000	0,212766458	0,141815892	1260133270000000	0,00000853023053	117227,490	1260133270000000	0,666937711	17,7937129	-0,446712764	-0,00000000000137989791	8599000000
0,00235580000	0,206769672	0,137966282	1224215930000000	0,00000851832603	117391,469	1224215930000000	0,666111163	17,3107004	-0,433864630	-0,00000000000148583051	8599000000
0,00240460000	0,201225840	0,134245559	1191032200000000	0,00000851712003	117408,225	1191032200000000	0,665327648	16,8438593	-0,421446657	-0,00000000000160607217	8599000000
0,00245340000	0,195761214	0,130772179	1158342000000000	0,00000850336133	117598,326	1158342000000000	0,664536055	16,4080526	-0,409854200	-0,00000000000171938786	8599000000
0,00250220000	0,190076968	0,127323160	1124358470000000	0,00000847747624	117957,536	1124358470000000	0,663691184	15,9753024	-0,398343043	-0,00000000000185889137	8599000000
0,00255100000	0,184928443	0,123839509	1093595800000000	0,00000847748061	117957,589	1093595800000000	0,662905966	15,5382069	-0,386716305	-0,00000000000200557076	8599000000
0,00259980000	0,179465860	0,120557767	1060975350000000	0,00000844849378	118362,425	1060975350000000	0,662050862	15,1264451	-0,375763440	-0,00000000000213215283	8599000000
0,00264860000	0,174415811	0,117504852	1030835540000000	0,00000842175837	118738,285	1030835540000000	0,661239017	14,7433942	-0,365574285	-0,00000000000228576096	8599000000
0,00269740000	0,169561249	0,114394952	1001877970000000	0,00000840769906	118936,939	1001877970000000	0,660438150	14,3531935	-0,355194946	-0,00000000000243778085	8599000000
0,00274620000	0,164515958	0,111278860	971798841000000	0,00000838364541	119278,286	971798841000000	0,659583318	13,9622158	-0,344794940	-0,00000000000259956407	8599000000
0,00279500000	0,160093362	0,108400901	945445637000000	0,00000837284135	119432,285	945445637000000	0,658814025	13,6011168	-0,335189707	-0,00000000000280495902	8599000000
0,00284380000	0,156076617	0,105669850	921521753000000	0,00000837189343	119445,882	921521753000000	0,658098252	13,2584505	-0,326074783	-0,00000000000300389245	8599000000
0,00289260000	0,151262913	0,102844413	892864894000000	0,00000833439799	119983,348	892864894000000	0,657217827	12,9039414	-0,316644842	-0,00000000000319765524	8599000000
0,00294140000	0,146854776	0,100086548	866635576000000	0,00000831246820	120299,965	866635576000000	0,656388656	12,5579106	-0,307440422	-0,00000000000342820136	8599000000
0,00299020000	0,142887286	0,0976536399	843038942000000	0,00000828759258	120661,122	843038942000000	0,655622501	12,2526524	-0,299320555	-0,00000000000362195938	8599000000
0,00303900000	0,138885088	0,0952402413	819246189000000	0,00000825777670	121096,856	819246189000000	0,654829461	11,9498421	-0,291265799	-0,00000000000379205653	8599000000
0,00308780000	0,134563831	0,0926287032	793568277000000	0,00000822446973	121587,341	793568277000000	0,653949082	11,6221710	-0,282549750	-0,00000000000401018043	8599000000
0,00313660000	0,130541189	0,0901945136	769675651000000	0,00000819212969	122067,397	769675651000000	0,653105643	11,3167520	-0,274425604	-0,00000000000433552347	8599000000
0,00318540000	0,127338980	0,0880430576	750663491000000	0,00000818501293	122173,581	750663491000000	0,652416777	11,0468077	-0,267245086	-0,00000000000440633200	8599000000
0,00323420000	0,123620619	0,0858290567	728595148000000	0,00000814931542	122708,813	728595148000000	0,651596342	10,7690159	-0,259855823	-0,00000000000464438011	8599000000
0,00328300000	0,119863832	0,0834724099	706307830000000	0,00000812307122	123105,319	706307830000000	0,650743715	10,4733262	-0,251990477	-0,00000000000495839394	8599000000
0,00333180000	0,116553368	0,0813428109	686675900000000	0,00000810404459	123394,392	686675900000000	0,649971431	10,2061243	-0,244882907	-0,00000000000515653236	8599000000
0,00338060000	0,113327051	0,0794552471	667549803000000	0,00000806548117	123984,424	667549803000000	0,649198767	9,96929073	-0,238583133	-0,00000000000523633567	8599000000
0,00342940000	0,110142341	0,0773985582	648676954000000	0,00000804571769	124289,022	648676954000000	0,648415574	9,71123691	-0,231718902	-0,00000000000546210011	8599000000
0,00347820000	0,106659187	0,0752563937	628043010000000	0,00000801152469	124819,531	628043010000000	0,647534262	9,44245843	-0,224569394	-0,00000000000583896870	8599000000
0,00352700000	0,103476546	0,0734400868	609196141000000	0,00000796330142	125575,442	609196141000000	0,646704993	9,21456547	-0,218507441	-0,00000000000617161446	8599000000
0,00357580000	0,101271689	0,0717843312	596143323000000	0,00000797242087	125431,825	596143323000000	0,646116289	9,00681697	-0,212981331	-0,00000000000634502677	8599000000
0,00362460000	0,0982476189	0,0698857041	578245852000000	0,00000794316114	125893,907	578245852000000	0,645288880	8,76859524	-0,206644633	-0,00000000000663800084	8599000000
0,00367340000	0,0950724771	0,0679973965	559460648000000	0,00000789853327	126605,265	559460648000000	0,644393836	8,53166831	-0,200342377	-0,00000000000709993701	8599000000
0,00372220000	0,0929271736	0,0664403089	546772002000000	0,00000790030427	126576,907	546772002000000	0,643772945	8,33629973	-0,195145573	-0,00000000000734804262	8599000000
0,00377100000	0,0903879989	0,0649218951	531757606000000	0,00000786306225	127176,446	531757606000000	0,643020271	8,14578357	-0,190077843	-0,00000000000781899530	8599000000
0,00381980000	0,0874668646	0,0631446697	514489798000000	0,00000782184605	127846,618	514489798000000	0,642129159	7,92279419	-0,184146325	-0,00000000000816504387	8599000000
0,00386860000	0,0848769281	0,0614974554	499184427000000	0,00000779243295	128329,212	499184427000000	0,641315115	7,71611736	-0,178648722	-0,00000000000860099626	8599000000
0,00391740000	0,0828399671	0,0601636047	487149941000000	0,00000777316699	128647,299	487149941000000	0,640658107	7,54875843	-0,174196974	-0,00000000000911132313	8599000000
0,00396620000	0,0806517602	0,0587278143	474224874000000	0,00000775192718	128999,806	474224874000000	0,639934951	7,36860907	-0,169405001	-0,00000000000937557912	8599000000
0,00401500000	0,0779239973	0,0570889566	458117151000000	0,00000770359846	129809,117	458117151000000	0,639006825	7,16298075	-0,163935288	-0,0000000000104235012	8599000000
0,00406380000	0,0757031328	0,0557017969	445006267000000	0,00000766948345	130386,549	445006267000000	0,638227974	6,98893311	-0,159305621	-0,0000000000105857185	8599000000
0,00411260000	0,0736962239	0,0545201693	433161215000000	0,00000762713722	131110,480	433161215000000	0,637505138	6,84067369	-0,155361920	-0,0000000000109502023	8599000000
0,00416140000	0,0715846228	0,0531460364	420701067000000	0,00000759927088	131591,278	420701067000000	0,636723968	6,66826052	-0,150775730	-0,0000000000114181793	8599000000
0,00421020000	0,0695707900	0,0517087119	408820516000000	0,00000758993673	131753,127	408820516000000	0,635958122	6,48791868	-0,145978637	-0,0000000000121569046	8599000000
0,00425900000	0,0676751926	0,0505222274	397639888000000	0,00000755573375	132349,557	397639888000000	0,635217562	6,33904986	-0,142018726	-0,0000000000123821674	8599000000
0,00430780000	0,0655842449	0,0494021739	385309738000000	0,00000748743591	133556,823	385309738000000	0,634377221	6,19851617	-0,138280530	-0,0000000000128052459	8599000000
0,00435660000	0,0634666043	0,0480976790	372825064000000	0,00000744132330	134384,469	372825064000000	0,633499485	6,03484053	-0,133926758	-0,0000000000134772798	8599000000
0,00440540000	0,0618594132	0,0468422566	363351710000000	0,00000744660970	134289,080	363351710000000	0,632814305	5,87732203	-0,129736766	-0,0000000000140426781	8599000000
0,00445420000	0,0601970243	0,0458265760	353554758000000	0,00000740642226	135017,749	353554758000000	0,632087312	5,74988406	-0,126346916	-0,0000000000144968560	8599000000
0,00450300000	0,0583640103	0,0447709115	342754333000000	0,00000734947317	136063,979	342754333000000	0,631262915	5,61742930	-0,122823619	-0,0000000000153106102	8599000000
0,00455180000	0,0565183214	0,0435609163	331881421000000	0,00000731400287	136723,854	331881421000000	0,630407173	5,46561058	-0,118785241	-0,0000000000166764446	8599000000
0,00460060000	0,0551175890	0,0424757071	323631208000000	0,00000731440443	136716,357	323631208000000	0,629739518	5,32944882	-0,115163339	-0,0000000000170484576	8599000000
0,00464940000	0,0536775814	0,0415711217	315150990000000	0,00000727773310	137405,259	315150990000000	0,629035818	5,21595003	-0,112144271	-0,0000000000179534344	8599000000
0,00469820000	0,0523109898	0,0405591120	307104359000000	0,00000726886721	137572,861	307104359000000	0,628350892	5,08897264	-0,108766672	-0,0000000000186162341	8599000000
0,00474700000	0,0505927259	0,0394915663	296988760000000	0,00000721946220	138514,326	296988760000000	0,627464687	4,95502714	-0,105203722	-0,0000000000192551166	8599000000
0,00479580000	0,0490659232	0,0385678707	288001915000000	0,00000716867524	139495,650	288001915000000	0,626652398	4,83913057	-0,102120873	-0,0000000000202275708	8599000000
0,00484460000	0,0477808818	0,0377022739	280439259000000	0,00000714069460	140042,268	280439259000000	0,625949494	4,73052370	-0,0992319305	-0,0000000000211541085	8599000000
0,00489340000	0,0465021691	0,0367356452	272914908000000	0,00000713195807	140213,825	272914908000000	0,625231590	4,60924030	-0,0960057919	-0,0000000000216086921	8599000000
0,00494220000	0,0451433506	0,0358290141	264920349000000	0,00000709822322	140880,209	264920349000000	0,624447377	4,49548482	-0,0929798963	-0,0000000000225502756	8599000000
0,00499100000	0,0436864064	0,0350179321	256349796000000	0,00000702767506	142294,461	256349796000000	0,623580612	4,39371795	-0,0902728976	-0,0000000000240028601	8599000000
0,00503980000	0,0423414029	0,0342021924	248438960000000	0,00000697324540	143405,148	248438960000000	0,622755094	4,29136667	-0,0875503535	-0,0000000000261029661	8599000000
0,00508860000	0,0410235445	0,0333833911	240688916000000	0,00000692141411	144479,050	240688916000000	0,621921079	4,18863125	-0,0848175912	-0,0000000000272790956	8599000000
0,00513740000	0,0397790040	0,0325915790	233371071000000	0,00000687402028	145475,186	233371071000000	0,621109130	4,08928218	-0,0821749061	-0,0000000000284748544	8599000000
0,00518620000	0,0388569967	0,0318374522	227950353000000	0,00000687339266	145488,474	227950353000000	0,620491462	3,99466151	-0,0796579962	-0,0000000000292090725	8599000000
0,00523500000	0,0376786598	0,0310855271	221023408000000	0,00000682573191	146504,354	221023408000000	0,619680911	3,90031708	-0,0771484342	-0,0000000000296944387	8599000000
0,00528380000	0,0367053122	0,0303464857	215302185000000	0,00000681097405	146821,801	215302185000000	0,618992471	3,80758917	-0,0746818720	-0,0000000000297926840	8599000000
0,00533260000	0,0356690571	0,0295996360	209211874000000	0,00000678530153	147377,313	209211874000000	0,618239645	3,71388155	-0,0721892493	-0,0000000000300427547	8599000000
0,00538140000	0,0345318432	0,0288708341	202529003000000	0,00000673437174	148491,883	202529003000000	0,617388452	3,62243841	-0,0697568617	-0,0000000000305552764	8599000000
0,00543020000	0,0335868295	0,0281473986	196976239000000	0,00000671807380	148852,126	196976239000000	0,616659984	3,53166858	-0,0673423842	-0,0000000000316880869	8599000000
0,00547900000	0,0324082654	0,0273844953	190051976000000	0,00000666249414	150093,881	190051976000000	0,615722828	3,43594671	-0,0647961825	-0,0000000000335729857	8599000000
0,00552780000	0,0310795300	0,0265714955	182246508000000	0,00000658434244	151875,399	182246508000000	0,614625348	3,33393921	-0,0620827831	-0,0000000000353006213	8599000000
0,00557660000	0,0299901883	0,0258109759	175848177000000	0,00000654037479	152896,385	175848177000000	0,613690712	3,23851643	-0,0595445370	-0,0000000000362185281	8599000000
0,00562540000	0,0291774940	0,0251749481	171075255000000	0,00000652360722	153289,376	171075255000000	0,612971476	3,15871368	-0,0574217840	-0,0000000000369724221	8599000000
0,00567420000	0,0282448259	0,0245862508	165598258000000	0,00000646595455	154656,161	165598258000000	0,612121418	3,08484954	-0,0554569978	-0,0000000000387372685	8599000000
0,00572300000	0,0275221752	0,0239149336	161354953000000	0,00000647712554	154389,430	161354953000000	0,611443598	3,00061902	-0,0532164659	-0,0000000000387372685	8599000000
0,00577180000	0,0268231257	0,0232972995	157250553000000	0,00000647971330	154327,775	157250553000000	0,610771061	2,92312416	-0,0511551026	-0,0000000000411770844	8599000000
0,00582060000	0,0263026508	0,0228159900	154194841000000	0,00000648783383	154134,611	154194841000000	0,610259039	2,86273401	-0,0495487245	-0,0000000000419281420	8599000000
0,00586940000	0,0254572192	0,0223341734	149231680000000	0,00000641446348	155897,647	149231680000000	0,609405709	2,80228022	-0,0479406539	-0,0000000000425751897	8599000000
0,00591820000	0,0245320014	0,0217442922	143800659000000	0,00000634869979	157512,532	143800659000000	0,608439282	2,72826753	-0,0459719163	-0,0000000000430159640	8599000000
0,00596700000	0,0237033045	0,0211946402	138936684000000	0,00000629303393	158905,833	138936684000000	0,607542709	2,65930241	-0,0441374441	-0,0000000000449559472	8599000000
0,00601580000	0,0229805373	0,0207805851	134694819000000	0,00000622246284	160708,041	134694819000000	0,606735164	2,60735070	-0,0427555287	-0,0000000000461926522	8599000000
0,00606460000	0,0225648484	0,0203015716	132255326000000	0,00000625392549	159899,542	132255326000000	0,606259303	2,54724863	-0,0411568137	-0,0000000000483125644	8599000000
0,00611340000	0,0218219688	0,0197250843	127895974000000	0,00000622453907	160654,439	127895974000000	0,605386954	2,47491648	-0,0392327783	-0,0000000000496073596	8599000000
0,00616220000	0,0213316681	0,0192442358	125018997000000	0,00000623655178	160344,991	125018997000000	0,604795010	2,41458416	-0,0376279387	-0,0000000000512806981	8599000000
0,00621100000	0,0208027795	0,0188712777	121915768000000	0,00000620194293	161239,769	121915768000000	0,604141238	2,36778892	-0,0363831854	-0,0000000000529301255	8599000000
0,00625980000	0,0200959883	0,0183741403	117768987000000	0,00000615308768	162520,008	117768987000000	0,603241471	2,30541284	-0,0347239814	-0,0000000000547733975	8599000000
0,00630860000	0,0192283070	0,0178274587	112678698000000	0,00000606766467	164808,032	112678698000000	0,602093161	2,23682042	-0,0328994231	-0,0000000000585557797	8599000000
0,00635740000	0,0187964048	0,0174231663	110145107000000	0,00000606886277	164775,497	110145107000000	0,601502349	2,18609364	-0,0315500909	-0,0000000000607289041	8599000000
0,00640620000	0,0183721542	0,0170482690	107656518000000	0,00000606218564	164956,988	107656518000000	0,600908797	2,13905508	-0,0302988651	-0,0000000000630932518	8599000000
0,00645500000	0,0178535472	0,0165416340	104614608000000	0,00000607131987	164708,813	104614608000000	0,600164555	2,07548733	-0,0286079630	-0,0000000000669463307	8599000000
0,00650380000	0,0172571473	0,0160668640	101116614000000	0,00000604172000	165515,763	101116614000000	0,599281783	2,01591769	-0,0270234106	-0,0000000000727452003	8599000000
0,00655260000	0,0166942312	0,0157346577	97815221600000	0,00000596785599	167564,349	97815221600000	0,598420443	1,97423560	-0,0259146670	-0,0000000000791541153	8599000000
0,00660140000	0,0160404932	0,0153782813	93981432800000	0,00000586682931	170449,805	93981432800000	0,597383313	1,92952087	-0,0247252551	-0,0000000000854054411	8599000000
0,00665020000	0,0158028147	0,0149221176	92587656400000	0,00000595650932	167883,547	92587656400000	0,596995844	1,87228577	-0,0232028014	-0,0000000000935331544	8599000000
0,00669900000	0,0152831792	0,0145346715	89540577300000	0,00000591403461	169089,291	89540577300000	0,596128230	1,82367271	-0,0219096941	-0,0000000000997947788	8599000000
0,00674780000	0,0148360862	0,0142344362	86919017900000	0,00000586197188	170591,048	86919017900000	0,595358029	1,78600204	-0,0209076542	-0,000000000101461844	8599000000
0,00679660000	0,0142345215	0,0138748084	83391908100000	0,00000576987108	173314,086	83391908100000	0,594284626	1,74087934	-0,0197073905	-0,000000000115241331	8599000000
0,00684540000	0,0136367613	0,0134660116	79887336800000	0,00000569518912	175586,784	79887336800000	0,593172529	1,68958741	-0,0183430250	-0,000000000126320752	8599000000
0,00689420000	0,0134285949	0,0131433571	78666945000000	0,00000574586171	174038,289	78666945000000	0,592773872	1,64910378	-0,0172661605	-0,000000000126320752	8599000000
0,00694300000	0,0129644708	0,0128637823	75946082200000	0,00000566768735	176438,798	75946082200000	0,591862512	1,61402538	-0,0163330752	-0,000000000133800172	8599000000
0,00699180000	0,0125610391	0,0125188260	73581133600000	0,00000564250642	177226,196	73581133600000	0,591043647	1,57074354	-0,0151817783	-0,000000000138113201	8599000000
0,00704060000	0,0120107797	0,0121759474	70355638900000	0,00000554709164	180274,641	70355638900000	0,589883668	1,52772238	-0,0140374154	-0,000000000144320293	8599000000
0,00708940000	0,0115989125	0,0118855198	67941495500000	0,00000548764634	182227,479	67941495500000	0,588980384	1,49128228	-0,0130681087	-0,000000000141220880	8599000000
0,00713820000	0,0111790192	0,0116057044	65480420800000	0,00000541638029	184625,139	65480420800000	0,588026114	1,45617370	-0,0121342205	-0,000000000135875523	8599000000
0,00718700000	0,0109480131	0,0113206806	64126498600000	0,00000543793710	183893,257	64126498600000	0,587485828	1,42041162	-0,0111829492	-0,000000000136817408	8599000000
0,00723580000	0,0106800493	0,0110731707	62556011200000	0,00000542333269	184388,460	62556011200000	0,586844740	1,38935642	-0,0103568808	-0,000000000136605488	8599000000
0,00728460000	0,0103084108	0,0108203991	60377982600000	0,00000535678865	186679,004	60377982600000	0,585928660	1,35764104	-0,00951325160	-0,000000000131190323	8599000000
0,00733340000	0,0100495962	0,0105677970	58861223300000	0,00000534704713	187019,105	58861223300000	0,585271097	1,32594693	-0,00867018840	-0,000000000125787891	8599000000
0,00738220000	0,00971032021	0,0103528832	56872993100000	0,00000527368229	189620,822	56872993100000	0,584383150	1,29898158	-0,00795291005	-0,000000000122333518	8599000000
0,00743100000	0,00933524478	0,0100809575	54675057200000	0,00000520662925	192062,835	54675057200000	0,583364893	1,26486292	-0,00704535380	-0,000000000107880740	8599000000
0,00747980000	0,00910384458	0,00977428206	53319101200000	0,00000523681395	190955,796	53319101200000	0,582716201	1,22638420	-0,00602181967	-0,000000000107438769	8599000000
0,00752860000	0,00878343076	0,00951736202	51441601500000	0,00000518880182	192722,715	51441601500000	0,581790378	1,19414831	-0,00516434502	-0,000000000104445460	8599000000
0,00757740000	0,00874021658	0,00932745706	51188388400000	0,00000526838362	189811,534	51188388400000	0,581662949	1,17032084	-0,00453053422	-0,000000000104445460	8599000000
0,00762620000	0,00837943758	0,00908856875	49074454200000	0,00000518357245	192917,141	49074454200000	0,580573975	1,14034740	-0,00373324074	-0,000000000117131964	8599000000
0,00767500000	0,00817124882	0,00882453456	47854639500000	0,00000520596726	192087,259	47854639500000	0,579924157	1,10721889	-0,00285202249	-0,000000000117139140	8599000000
0,00772380000	0,00811329847	0,00869148915	47515103200000	0,00000524815528	190543,139	47515103200000	0,579740346	1,09052562	-0,00240798136	-0,000000000117139140	8599000000
0,00777260000	0,00790308283	0,00861673703	46283449000000	0,00000515646492	193931,307	46283449000000	0,579062426	1,08114643	-0,00215849497	-0,000000000124540533	8599000000
0,00782140000	0,00765140516	0,00843190158	44808906200000	0,00000510161882	196016,210	44808906200000	0,578226795	1,05795503	-0,00154160378	-0,000000000127502222	8599000000
0,00787020000	0,00751635605	0,00821883865	44017690000000	0,00000514145436	194497,493	44017690000000	0,577767051	1,03122191	-0,000830502887	-0,000000000128267245	8599000000
0,00791900000	0,00737112615	0,00809372583	43166840500000	0,00000512001184	195312,045	43166840500000	0,577263385	1,01552394	-0,000412936908	-0,000000000128269093	8599000000
0,00796780000	0,00725892459	0,00793769561	42509501500000	0,00000514115578	194508,789	42509501500000	0,576867454	0,995946752	0,000107816402	-0,000000000128269093	8599000000
0,00801660000	0,00706562704	0,00765268125	41377076200000	0,00000519057376	192656,926	41377076200000	0,576170848	0,960185853	0,00105905631	-0,000000000131316940	8599000000
0,00806540000	0,00675745666	0,00742954968	39571723500000	0,00000511318689	195572,743	39571723500000	0,575020040	0,932189421	0,00180376141	-0,000000000135177023	8599000000
0,00811420000	0,00677739536	0,00733138817	39688528400000	0,00000519694324	192420,802	39688528400000	0,575096064	0,919873045	0,00213137701	-0,000000000135177023	8599000000
0,00816300000	0,00638801185	0,00715420478	37407488000000	0,00000501956833	199220,316	37407488000000	0,573569475	0,897641754	0,00272272933	-0,000000000147368134	8599000000
0,00821180000	0,00608447402	0,00688309698	35629406800000	0,00000496928488	201236,197	35629406800000	0,572313732	0,863625719	0,00362755588	-0,000000000161463008	8599000000
0,00826060000	0,00589387649	0,00671356446	34512944100000	0,00000493512364	202629,167	34512944100000	0,571492922	0,842354386	0,00419337333	-0,000000000177292880	8599000000
0,00830940000	0,00583690892	0,00660065109	34179249900000	0,00000497101350	201166,219	34179249900000	0,571242452	0,828187088	0,00457022345	-0,000000000188376575	8599000000
0,00835820000	0,00559046607	0,00639892930	32735706200000	0,00000491115448	203618,110	32735706200000	0,570130092	0,802876951	0,00524347311	-0,000000000176632132	8599000000
0,00840700000	0,00541811831	0,00618031677	31726199200000	0,00000492806587	202919,364	31726199200000	0,569322748	0,775447524	0,00597309586	-0,000000000135743063	8599000000
0,00845580000	0,00531986283	0,00605121551	31150687800000	0,00000494190294	202351,200	31150687800000	0,568850948	0,759249124	0,00640397331	-0,0000000000770043339	8599000000
0,00850460000	0,00523678856	0,00589753960	30664102000000	0,00000499147129	200341,730	30664102000000	0,568445220	0,739967327	0,00691686910	-0,0000000000442881067	8599000000
0,00855340000	0,00506570543	0,00570956181	29662041600000	0,00000498732251	200508,387	29662041600000	0,567589060	0,716381657	0,00754424792	0,0000000000552307131	8599000000
0,00860220000	0,00484990382	0,00554230247	28398085100000	0,00000491890035	203297,469	28398085100000	0,566467043	0,695395542	0,00810247859	0,000000000102838122	8599000000
0,00865100000	0,00468593072	0,00538856197	27437709800000	0,00000488814600	204576,540	27437709800000	0,565580706	0,676105643	0,00861558990	0,000000000102838122	8599000000
0,00869980000	0,00446436529	0,00522023523	26140049300000	0,00000480712617	208024,495	26140049300000	0,564332635	0,654985599	0,00917738306	0,000000000147814636	8599000000
0,00874860000	0,00431630859	0,00507908806	25272931100000	0,00000477682204	209344,201	25272931100000	0,563463720	0,637275792	0,00964846393	0,000000000130956135	8599000000
0,00879740000	0,00417393765	0,00495347030	24439125800000	0,00000473636645	211132,311	24439125800000	0,562599675	0,621514467	0,0100677152	0,000000000125025780	8599000000
0,00884620000	0,00402212618	0,00477621132	23550045900000	0,00000473344588	211262,581	23550045900000	0,561645337	0,599273691	0,0106593198	0,000000000156998825	8599000000
0,00889500000	0,00395743843	0,00463669299	23171208300000	0,00000479743979	208444,512	23171208300000	0,561227723	0,581768255	0,0111249644	0,000000000156998825	8599000000
0,00894380000	0,00391199379	0,00454910656	22905067800000	0,00000483364402	206883,252	22905067800000	0,560930247	0,570778740	0,0114172855	0,000000000136531847	8599000000
0,00899260000	0,00395671335	0,00441515813	23166962000000	0,00000503723272	198521,698	23166962000000	0,561223003	0,553972162	0,0118643405	0,000000000156998825	8599000000
0,00904140000	0,00381458608	0,00423917191	22334616900000	0,00000505785844	197712,136	22334616900000	0,560280841	0,531891080	0,0124516973	0,000000000166474075	8599000000
0,00909020000	0,00377194946	0,00413081095	22084925000000	0,00000513250997	194836,445	22084925000000	0,559991366	0,518294975	0,0128133537	0,000000000166474075	8599000000
0,00913900000	0,00373050783	0,00405811792	21842232500000	0,00000516703680	193534,522	21842232500000	0,559706859	0,509174143	0,0130559678	0,000000000195257433	8599000000
0,00918780000	0,00367314243	0,00390578466	21506288200000	0,00000528599026	189179,311	21506288200000	0,559307784	0,490060811	0,0135643824	0,000000000195257433	8599000000
0,00923660000	0,00358930800	0,00374804534	21015339400000	0,00000538270731	185780,117	21015339400000	0,558713245	0,470269177	0,0140908399	0,000000000206961378	8599000000
0,00928540000	0,00341545703	0,00367480360	19997252700000	0,00000522402678	191423,214	19997252700000	0,557434871	0,461079498	0,0143352854	0,000000000196544857	8599000000
0,00933420000	0,00317652781	0,00359598787	18598094000000	0,00000496500183	201409,794	18598094000000	0,555567760	0,451190448	0,0145983341	0,000000000114300883	8599000000
0,00938300000	0,00306063536	0,00345442227	17919446300000	0,00000497987398	200808,294	17919446300000	0,554611018	0,433428140	0,0150708115	0,0000000000232432881	8599000000
0,00943180000	0,00296253010	0,00334587695	17344964400000	0,00000497659890	200940,445	17344964400000	0,553772422	0,419808902	0,0154330832	-0,000000000163006373	8599000000
0,00948060000	0,00287580165	0,00330047907	16837107600000	0,00000489733369	204192,743	16837107600000	0,553007662	0,414112807	0,0155845993	-0,000000000176200323	8599000000
0,00952940000	0,00275562894	0,00321468945	16133419000000	0,00000481788668	207559,883	16133419000000	0,551909050	0,403348739	0,0158709236	0,0000000000772561703	8599000000
0,00957820000	0,00274234368	0,00309213403	16055625800000	0,00000498468960	200614,297	16055625800000	0,551784672	0,387971648	0,0162799542	0,0000000000772561703	8599000000
0,00962700000	0,00276081189	0,00301577692	16163768300000	0,00000514532245	194351,279	16163768300000	0,551957411	0,378391081	0,0165347972	0,0000000000772561703	8599000000
0,00967580000	0,00274061832	0,00293505059	16045522800000	0,00000524816490	190542,793	16045522800000	0,551768475	0,368262308	0,0168042226	0,0000000000772561703	8599000000
0,00972460000	0,00261616164	0,00284085191	15316759800000	0,00000517591933	193202,392	15316759800000	0,550572437	0,356443151	0,0171186122	0,000000000518778252	8599000000
0,00977340000	0,00252071831	0,00275417368	14757892900000	0,00000514401498	194400,678	14757892900000	0,549616086	0,345567588	0,0174079022	0,000000000785046347	8599000000
0,00982220000	0,00245167557	0,00266203233	14353617900000	0,00000517627388	193189,159	14353617900000	0,548901460	0,334006566	0,0177154253	0,000000000948359670	8599000000
0,00987100000	0,00234264840	0,00255917161	13715223100000	0,00000514484932	194369,152	13715223100000	0,547731003	0,321100578	0,0180587246	0,00000000113799634	8599000000
0,00991980000	0,00219905233	0,00248968075	12874426200000	0,00000496424737	201440,405	12874426200000	0,546103559	0,312381524	0,0182906515	0,00000000141162249	8599000000
0,00996860000	0,00211558221	0,00242517863	12385690500000	0,00000490281699	203964,374	12385690500000	0,545108047	0,304288410	0,0185059283	0,00000000177389743	8599000000
0,0100174000	0,00201503408	0,00230696359	11796965200000	0,00000490906465	203704,793	11796965200000	0,543855414	0,289455908	0,0189004728	0,00000000227356201	8599000000
0,0100662000	0,00201035515	0,00220846135	11769569500000	0,00000511611110	195460,962	11769569500000	0,543795613	0,277096782	0,0192292256	0,00000000256990393	8599000000
0,0101150000	0,00201731205	0,00217478295	11810303000000	0,00000521331917	191816,378	11810303000000	0,543884478	0,272871136	0,0193416278	0,00000000227356201	8599000000
0,0101638000	0,00200397641	0,00210629953	11732221200000	0,00000534723541	187012,526	11732221200000	0,543713864	0,264278486	0,0195701923	0,00000000265654230	8599000000
0,0102126000	0,00186659146	0,00198440618	10927822100000	0,00000528654868	189159,329	10927822100000	0,541887071	0,248984464	0,0199770133	0,00000000336093679	8599000000
0,0102614000	0,00191292586	0,00191782097	11199112100000	0,00000560589194	178383,745	11199112100000	0,542517765	0,240629983	0,0201992425	0,00000000300783306	8599000000
0,0103102000	0,00190300850	0,00189149065	11141045300000	0,00000565445737	176851,629	11141045300000	0,542384065	0,237326306	0,0202871203	0,00000000300027160	8599000000
0,0103590000	0,00188167686	0,00181691267	11016147600000	0,00000582056155	171804,729	11016147600000	0,542094111	0,227968967	0,0205360255	0,00000000336093679	8599000000
0,0104078000	0,00179178147	0,00172337679	10489809100000	0,00000584327787	171136,821	10489809100000	0,540835001	0,216232972	0,0208482029	0,00000000365418487	8599000000
0,0104566000	0,00182256391	0,00168658256	10670040100000	0,00000607334058	164654,030	10670040100000	0,541273118	0,211616382	0,0209710042	0,00000000352132137	8599000000
0,0105054000	0,00178886125	0,00164549514	10472711300000	0,00000610986650	163669,697	10472711300000	0,540793049	0,206461121	0,0211081342	0,00000000365418487	8599000000
0,0105542000	0,00173424870	0,00157494912	10152956900000	0,00000618863983	161586,395	10152956900000	0,539995616	0,197609676	0,0213435826	0,00000000388548857	8599000000
0,0106030000	0,00172124043	0,00151907832	10076794300000	0,00000636812262	157032,152	10076794300000	0,539801975	0,190599539	0,0215300523	0,00000000388548857	8599000000
0,0106518000	0,00164165326	0,00147574314	9610818500000	0,00000625199748	159948,881	9610818500000	0,538584440	0,185162251	0,0216746841	0,00000000430434419	8599000000
0,0107006000	0,00159130997	0,00142098907	9316065150000	0,00000629377151	158887,242	9316065150000	0,537783448	0,178292229	0,0218574267	0,00000000439242540	8599000000
0,0107494000	0,00157054573	0,00138160202	9194493740000	0,00000638872292	156525,805	9194493740000	0,537445677	0,173350316	0,0219888816	0,00000000439242540	8599000000
0,0107982000	0,00156751514	0,00133296212	9176750170000	0,00000660906910	151307,239	9176750170000	0,537396006	0,167247443	0,0221512180	0,00000000439242540	8599000000
0,0108470000	0,00150182860	0,00125033364	8792167600000	0,00000675055116	148136,052	8792167600000	0,536295161	0,156880005	0,0224269919	0,00000000446943799	8599000000
0,0108958000	0,00151688822	0,00119816169	8880338620000	0,00000711513735	140545,424	8880338620000	0,536551737	0,150333964	0,0226011166	0,00000000439879540	8599000000
0,0109446000	0,00151070874	0,00118706596	8844159020000	0,00000715238497	139813,503	8844159020000	0,536446764	0,148941777	0,0226381487	0,00000000439879540	8599000000
0,0109934000	0,00147777713	0,00112227112	8651351360000	0,00000740040272	135127,781	8651351360000	0,535880007	0,140811935	0,0228544025	0,00000000446943799	8599000000
0,0110422000	0,00140479700	0,00104327299	8224070610000	0,00000756759808	132142,324	8224070610000	0,534577682	0,130899999	0,0231180600	0,00000000582796312	8599000000
0,0110910000	0,00136993223	0,00102361473	8019947100000	0,00000752149494	132952,293	8019947100000	0,533931467	0,128433467	0,0231836698	0,00000000635885984	8599000000
0,0111398000	0,00133685820	0,00101490353	7826308640000	0,00000740289176	135082,348	7826308640000	0,533303074	0,127340468	0,0232127435	0,00000000649421183	8599000000
0,0111886000	0,00126740925	0,000957578722	7419708340000	0,00000743843443	134436,891	7419708340000	0,531931414	0,120147895	0,0234040660	0,00000000732859127	8599000000
0,0112374000	0,00125842032	0,000909872519	7367081380000	0,00000777291845	128651,806	7367081380000	0,531748411	0,114162173	0,0235632862	0,00000000749431569	8599000000
0,0112862000	0,00128289869	0,000899735135	7510393550000	0,00000801340711	124790,864	7510393550000	0,532243737	0,112890230	0,0235971199	0,00000000732859127	8599000000
0,0113350000	0,00127604441	0,000870867133	7470264160000	0,00000823480371	121435,803	7470264160000	0,532105998	0,109268147	0,0236934673	0,00000000732859127	8599000000
0,0113838000	0,00130281221	0,000822894754	7626980420000	0,00000889769530	112388,654	7626980420000	0,532639776	0,103249028	0,0238535759	0,00000000712479471	8599000000
0,0114326000	0,00125114998	0,000785949294	7324516190000	0,00000894650909	111775,441	7324516190000	0,531599439	0,0986134622	0,0239768819	0,00000000776863152	8599000000
0,0114814000	0,00122411275	0,000731497051	7166223390000	0,00000940474350	106329,322	7166223390000	0,531037740	0,0917813112	0,0241586171	0,00000000776863152	8599000000
0,0115302000	0,00117934266	0,000692140489	6904112430000	0,00000957597033	104428,059	6904112430000	0,530079803	0,0868432232	0,0242899703	0,00000000821963851	8599000000
0,0115790000	0,00121888121	0,000682709780	7135594750000	0,0000100337493	99663,6422	7135594750000	0,530927625	0,0856599473	0,0243214454	0,00000000788131837	8599000000
0,0116278000	0,00118300055	0,000637434704	6925527860000	0,0000104300495	95876,8222	6925527860000	0,530159422	0,0799792602	0,0244725517	0,00000000821963851	8599000000
0,0116766000	0,00117723455	0,000562707888	6891770320000	0,0000117575541	85051,7032	6891770320000	0,530033805	0,0706032482	0,0247219536	0,00000000821963851	8599000000
0,0117254000	0,00115305128	0,000545461320	6750187540000	0,0000118801267	84174,1864	6750187540000	0,529500168	0,0684393124	0,0247795143	0,00000000910442103	8599000000
0,0117742000	0,00113224356	0,000543428352	6628367460000	0,0000117093685	85401,7017	6628367460000	0,529031989	0,0681842349	0,0247862994	0,00000000970883355	8599000000
0,0118230000	0,00105255343	0,000479085147	6161819240000	0,0000123471135	80990,5895	6161819240000	0,527155742	0,0601110598	0,0250010458	0,0000000100590122	8599000000
0,0118718000	0,000963930746	0,000428001729	5642979990000	0,0000126570408	79007,4092	5642979990000	0,524894695	0,0537015972	0,0251715375	0,00000000946272433	8599000000
0,0119206000	0,00101109673	0,000420674344	5919111430000	0,0000135076464	74032,1424	5919111430000	0,526122734	0,0527822263	0,0251959928	0,0000000100790734	8599000000
0,0119694000	0,00103413205	0,000397160061	6053971320000	0,0000146333575	68337,0169	6053971320000	0,526701836	0,0498318772	0,0252744721	0,0000000100590122	8599000000
0,0120182000	0,00103374509	0,000361793275	6051705860000	0,0000160578173	62274,9641	6051705860000	0,526692215	0,0453943883	0,0253925093	0,0000000100590122	8599000000
0,0120670000	0,000996896612	0,000337959312	5835977230000	0,0000165774743	60322,8199	5835977230000	0,525759141	0,0424039287	0,0254720555	0,00000000994455578	8599000000
0,0121158000	0,00100220768	0,000303433204	5867070690000	0,0000185621129	53873,1773	5867070690000	0,525895733	0,0380719202	0,0255872869	0,00000000975742258	8599000000
0,0121646000	0,00103327257	0,000270301375	6048939520000	0,0000214832597	46547,8709	6048939520000	0,526680461	0,0339148526	0,0256978649	0,0000000100590122	8599000000
0,0122134000	0,000987730089	0,000269734778	5782312150000	0,0000205794507	48592,1618	5782312150000	0,525521674	0,0338437614	0,0256997559	0,00000000994455578	8599000000
0,0122622000	0,000960576480	0,000238771185	5623342630000	0,0000226090245	44230,1259	5623342630000	0,524805087	0,0299587434	0,0258030974	0,00000000946506790	8599000000
0,0123110000	0,000928770909	0,000181256848	5437139020000	0,0000287968647	34726,0027	5437139020000	0,523939532	0,0227423900	0,0259950524	0,00000000955861806	8599000000
0,0123598000	0,000941278612	0,000180382487	5510364460000	0,0000293261564	34099,2521	5510364460000	0,524283399	0,0226326834	0,0259979706	0,00000000944988284	8599000000
0,0124086000	0,000990804183	0,000160008885	5800309320000	0,0000347997598	28735,8305	5800309320000	0,525601556	0,0200763972	0,0260659678	0,00000000994455578	8599000000
0,0124574000	0,000903335156	0,0000767396984	5288227570000	0,0000661544769	15116,1349	5288227570000	0,523225734	0,00962856944	0,0263438801	0,00000000963086193	8599000000
0,0125062000	0,000879937858	-0,00000937388113	5151250440000	0,0620473926	16,1166687	5151250440000	0,522551175	0,0000100000000	0,0265997340	0,00000000984481603	8599000000
0,0125550000	0,000795263277	-0,0000626891654	4655534590000	0,0560764392	17,8327653	4655534590000	0,519950490	0,0000100000000	0,0265997340	0,00000000738337747	8599000000
0,0126038000	0,000779895785	-0,000136398394	4565568200000	0,0549927838	18,1841694	4565568200000	0,519448945	0,0000100000000	0,0265997340	0,00000000745678987	8599000000
0,0126526000	0,000767253432	-0,000208807467	4491555780000	0,0541012959	18,4838121	4491555780000	0,519028877	0,0000100000000	0,0265997340	0,00000000673839441	8599000000
0,0127014000	0,000707757219	-0,000268315557	4143247120000	0,0499058789	20,0376910	4143247120000	0,516954284	0,0000100000000	0,0265997340	0,000000000792620222	8599000000
0,0127502000	0,000596416503	-0,000355252712	3491431370000	0,0420546846	23,7785436	3491431370000	0,512555267	0,0000100000000	0,0265997340	-0,00000000000153400532	8599000000
0,0127990000	0,000516292652	-0,000424042258	3022371730000	0,0364048083	27,4688837	3022371730000	0,508847741	0,0000100000000	0,0265997340	-0,00000000000252816977	8599000000
0,0128478000	0,000485141524	-0,000452368009	2840008470000	0,0342082223	29,2327246	2840008470000	0,507248450	0,0000100000000	0,0265997340	-0,00000000000252816977	8599000000
0,0128966000	0,000383896558	-0,000514243769	2247309950000	0,0270691018	36,9424807	2247309950000	0,501233556	0,0000100000000	0,0265997340	-0,00000000000380746956	8599000000
0,0129454000	0,000307563983	-0,000605399274	1800455540000	0,0216866900	46,1112269	1800455540000	0,495537059	0,0000100000000	0,0265997340	-0,00000000000663214694	8599000000
0,0129942000	0,000233665864	-0,000638840932	1367856130000	0,0164759814	60,6944087	1367856130000	0,488476438	0,0000100000000	0,0265997340	-0,0000000000142437838	8599000000
0,0130430000	0,000228088923	-0,000644450363	1335208880000	0,0160827415	62,1784509	1335208880000	0,487855762	0,0000100000000	0,0265997340	-0,0000000000142437838	8599000000
0,0130918000	0,000184453411	-0,000666523227	1079768520000	0,0130059336	76,8879811	1079768520000	0,482400049	0,0000100000000	0,0265997340	-0,0000000000182357928	8599000000
0,0131406000	0,000170152465	-0,000670492370	996051680000	0,0119975548	83,3503156	996051680000	0,480326574	0,0000100000000	0,0265997340	-0,0000000000237117220	8599000000
0,0131894000	0,000148373523	-0,000681224326	868559378000	0,0104618957	95,5849704	868559378000	0,476807655	0,0000100000000	0,0265997340	-0,0000000000237117220	8599000000
0,0132382000	0,000138477192	-0,000696035608	810627094000	0,00976409478	102,416047	810627094000	0,475034179	0,0000100000000	0,0265997340	-0,0000000000349114664	8599000000
0,0132870000	0,000130193096	-0,000679523397	762132749000	0,00917997491	108,932759	762132749000	0,473449302	0,0000100000000	0,0265997340	-0,0000000000432106827	8599000000
0,0133358000	0,0000977202554	-0,000666468237	572040110000	0,00689028764	145,131822	572040110000	0,466078043	0,0000100000000	0,0265997340	-0,0000000000756800598	8599000000
0,0133846000	0,0000388134710	-0,000690196873	227207654000	0,00273674181	365,398005	227207654000	0,442356412	0,0000100000000	0,0265997340	-0,000000000372058028	8599000000
0,0134334000	0,0000408826987	-0,000696682109	239320598000	0,00288264360	346,903794	239320598000	0,443690774	0,0000100000000	0,0265997340	-0,000000000372058028	8599000000
0,0134822000	0,0000546951366	-0,000674762648	320176584000	0,00385656307	259,298236	320176584000	0,451168539	0,0000100000000	0,0265997340	-0,000000000224074043	8599000000
0,0135310000	0,0000594728584	-0,000676729231	348144696000	0,00419344212	238,467581	348144696000	0,453320035	0,0000100000000	0,0265997340	-0,000000000151243586	8599000000
0,0135798000	0,0000574842346	-0,000678924010	336503570000	0,00405322345	246,717215	336503570000	0,452446302	0,0000100000000	0,0265997340	-0,000000000209929979	8599000000
0,0136286000	0,0000682881409	-0,000672925988	399748158000	0,00481501165	207,683817	399748158000	0,456870953	0,0000100000000	0,0265997340	-0,000000000131836217	8599000000
0,0136774000	0,0000788778792	-0,000684051035	461739110000	0,00556169965	179,801151	461739110000	0,460574722	0,0000100000000	0,0265997340	-0,000000000101920574	8599000000
0,0137262000	0,0000920396949	-0,000679973996	538786769000	0,00648974740	154,089202	538786769000	0,464539402	0,0000100000000	0,0265997340	-0,0000000000861558234	8599000000
0,0137750000	0,0000921197508	-0,000657903310	539255407000	0,00649539219	153,955291	539255407000	0,464561739	0,0000100000000	0,0265997340	-0,0000000000861558234	8599000000
0,0138238000	0,0000376203885	-0,000670665374	220223531000	0,00265261727	376,986160	220223531000	0,441554318	0,0000100000000	0,0265997340	-0,000000000372058028	8599000000
0,0138726000	0,00000136178449	-0,000690629506	7971645170	0,0000960193651	10414,5658	7971645170	0,356295017	0,0000100000000	0,0265997340	   NaN	8599000000
0,0139214000	0,0000143408514	-0,000672254024	83948863900	0,00101117353	988,949935	83948863900	0,416777620	0,0000100000000	0,0265997340	   NaN	8599000000
0,0139702000	-0,0000369885118	-0,000667543443	-216523737000	-0,00260805283	-383,427816	-216523737000	   NaN	0,0000100000000	0,0265997340	   NaN	8599000000
0,0140190000	-0,0000413637632	-0,000673698328	-242135570000	-0,00291655025	-342,870828	-242135570000	   NaN	0,0000100000000	0,0265997340	   NaN	8599000000
0,0140678000	-0,0000426339079	-0,000665483881	-249570737000	-0,00300610768	-332,656081	-249570737000	   NaN	0,0000100000000	0,0265997340	   NaN	8599000000
0,0141166000	-0,0000359014616	-0,000673370605	-210160364000	-0,00253140528	-395,037495	-210160364000	   NaN	0,0000100000000	0,0265997340	   NaN	8599000000
0,0141654000	-0,0000435039186	-0,000684059151	-254663601000	-0,00306745180	-326,003493	-254663601000	   NaN	0,0000100000000	0,0265997340	   NaN	8599000000
0,0142142000	-0,0000257634741	-0,000663250804	-150814587000	-0,00181657871	-550,485368	-150814587000	   NaN	0,0000100000000	0,0265997340	   NaN	8599000000
0,0142630000	-0,0000493582042	-0,000664122499	-288933374000	-0,00348023507	-287,336912	-288933374000	   NaN	0,0000100000000	0,0265997340	   NaN	8599000000
0,0143118000	-0,0000632976868	-0,000685537389	-370532121000	-0,00446310119	-224,059451	-370532121000	   NaN	0,0000100000000	0,0265997340	   NaN	8599000000
0,0143606000	-0,0000710729861	-0,000679157775	-416047005000	-0,00501133309	-199,547702	-416047005000	   NaN	0,0000100000000	0,0265997340	   NaN	8599000000
0,0144094000	-0,0000803828814	-0,000674818611	-470545022000	-0,00566776786	-176,436302	-470545022000	   NaN	0,0000100000000	0,0265997340	   NaN	8599000000
0,0144582000	-0,0000898626638	-0,000680298014	-526037463000	-0,00633618056	-157,823786	-526037463000	   NaN	0,0000100000000	0,0265997340	   NaN	8599000000
0,0145070000	-0,0000688087593	-0,000668454466	-402792725000	-0,00485168380	-206,114009	-402792725000	   NaN	0,0000100000000	0,0265997340	   NaN	8599000000
0,0145558000	-0,000112027586	-0,000675509382	-655785531000	-0,00789901069	-126,598133	-655785531000	   NaN	0,0000100000000	0,0265997340	   NaN	8599000000
0,0146046000	-0,000134832259	-0,000685641318	-789278218000	-0,00950694516	-105,186261	-789278218000	   NaN	0,0000100000000	0,0265997340	   NaN	8599000000
0,0146534000	-0,000121592142	-0,000673201600	-711774025000	-0,00857339840	-116,639862	-711774025000	   NaN	0,0000100000000	0,0265997340	   NaN	8599000000
0,0147022000	-0,000129986649	-0,000674377534	-760913295000	-0,00916528646	-109,107338	-760913295000	   NaN	0,0000100000000	0,0265997340	   NaN	8599000000
0,0147510000	-0,000139420186	-0,000686364361	-816134718000	-0,00983043472	-101,724902	-816134718000	   NaN	0,0000100000000	0,0265997340	   NaN	8599000000
0,0147998000	-0,000130141699	-0,000673452539	-761820916000	-0,00917621885	-108,977350	-761820916000	   NaN	0,0000100000000	0,0265997340	   NaN	8599000000
0,0148486000	-0,000119075261	-0,000678326911	-697040843000	-0,00839593557	-119,105250	-697040843000	   NaN	0,0000100000000	0,0265997340	   NaN	8599000000
0,0148974000	-0,000135377571	-0,000690201168	-792470327000	-0,00954539447	-104,762565	-792470327000	   NaN	0,0000100000000	0,0265997340	   NaN	8599000000
0,0149462000	-0,000115320233	-0,000673159760	-675059859000	-0,00813117214	-122,983500	-675059859000	   NaN	0,0000100000000	0,0265997340	   NaN	8599000000
