Time_(s)	Photoconductance_Signal_(V)	Reference_Voltage_(V)	Apparent_Carrier_Density_(cm-3)	Tau_(s)	Inverse_Tau_Auger_Corrected_(s-1)	Minority_Carrier_Density_(cm-3)	Implied_Voc_(V)	Implied_Suns_(suns)	Photogeneration_(A/cm2)	Jo_(A/cm2)	ni_(cm-3)
0,000208600000	4,60007409	0,00335530071	29068179100000000	-0,000140207464	-8698,95860	29068179100000000	0,769051316	-31,2153046	0,856927101	-0,000000000000374609918	9395538290
0,000269200000	4,16734229	0,000603316240	25757290800000000	0,000959589784	-232,651983	25757290800000000	0,763311025	4,04143361	-0,0809021340	-0,000000000000290979452	9336309980
0,000329800000	3,80283936	0,0000557341791	23063631400000000	0,000859237305	105,753118	23063631400000000	0,758069007	4,04143361	-0,0809021340	-0,000000000000240453146	9285100900
0,000390400000	3,49252315	-0,000105716496	20838433600000000	0,000776337396	394,844198	20838433600000000	0,753257177	4,04143361	-0,0809021340	-0,0000000000000380437826	9240402020
0,000451000000	3,22649818	-0,000185656901	18980283200000000	0,000707111863	648,658179	18980283200000000	0,748831505	4,04143361	-0,0809021340	-0,0000000000000289925900	9201157860
0,000511600000	2,99537291	-0,000230001437	17402731400000000	0,000651493211	870,678803	17402731400000000	0,744724311	4,02187351	-0,0803818353	-0,0000000000000165018928	9166275910
0,000572200000	2,79228207	-0,000249787547	16044646000000000	0,000652325421	950,633456	16044646000000000	0,740883474	3,70328146	-0,0719072867	-0,00000000000000917715370	9134947030
0,000632800000	2,61223751	-0,000254266677	14862567700000000	0,000706294120	900,788912	14862567700000000	0,737271194	3,16832072	-0,0576773311	0,00000000000000177948825	9106582130
0,000693400000	2,45076297	-0,000268644865	13819846400000000	0,000758532741	859,529024	13819846400000000	0,733843344	2,74315135	-0,0463678258	0,0000000000000104350832	9080619550
0,000754000000	2,30728432	-0,000261815008	12907122100000000	0,000809580344	823,228254	12907122100000000	0,730629119	2,40043719	-0,0372516293	0,0000000000000137294805	9057093560
0,000814600000	2,17648500	-0,000267680354	12086329800000000	0,000857966468	793,747013	12086329800000000	0,727544015	2,12102120	-0,0298191640	0,0000000000000130589969	9035236560
0,000875200000	2,05742230	-0,000270330841	11348513600000000	0,000904290505	768,590272	11348513600000000	0,724592307	1,88952175	-0,0236612787	0,0000000000000126631840	9014970390
0,000935800000	1,94918314	-0,000271991517	10685467000000000	0,000949208081	746,038087	10685467000000000	0,721777035	1,69493467	-0,0184852621	0,0000000000000125908904	8996214220
0,000996400000	1,84943082	-0,000271141503	10080889000000000	0,000992561473	726,119849	10080889000000000	0,719059310	1,52919300	-0,0140765339	0,0000000000000123083344	8978625790
0,00105700000	1,75786003	-0,000266307494	9531362010000000	0,00103447621	708,143059	9531362010000000	0,716449681	1,38725194	-0,0103009016	0,0000000000000121442383	8962204470
0,00111760000	1,67391285	-0,000262669009	9032175790000000	0,00107493711	691,782911	9032175790000000	0,713951111	1,26511559	-0,00705207473	0,0000000000000120586786	8946901600
0,00117820000	1,59549078	-0,000259197101	8569807810000000	0,00111421362	676,919237	8569807810000000	0,711516342	1,15803984	-0,00420385980	0,0000000000000120008894	8932375870
0,00123880000	1,52310064	-0,000259338859	8146399440000000	0,00115270571	662,843563	8146399440000000	0,709174490	1,06406496	-0,00170412790	0,0000000000000119897326	8918756910
0,00129940000	1,45527689	-0,000261803598	7752656560000000	0,00118977584	650,142888	7752656560000000	0,706890693	0,981084201	0,000503160264	0,0000000000000119855375	8905801780
0,00136000000	1,39222736	-0,000261380518	7389194480000000	0,00122648990	637,822666	7389194480000000	0,704682981	0,907097573	0,00247120456	0,0000000000000119955152	8893578600
0,00142060000	1,33370796	-0,000262193995	7054058160000000	0,00126181033	626,507721	7054058160000000	0,702554627	0,841716503	0,00421034102	0,0000000000000120069778	8882069210
0,00148120000	1,27802816	-0,000262821920	6737160000000000	0,00129504127	616,760239	6737160000000000	0,700452774	0,783274769	0,00576489115	0,0000000000000120471446	8870962810
0,00154180000	1,22613967	-0,000257737748	6443574580000000	0,00132808416	607,102916	6443574580000000	0,698421145	0,730503237	0,00716861388	0,0000000000000120889984	8860468550
0,00160240000	1,17723743	-0,000265576110	6168417650000000	0,00136055063	597,866506	6168417650000000	0,696436922	0,682621474	0,00844226879	0,0000000000000121552077	8850444130
0,00166300000	1,13119667	-0,000258286095	5910720630000000	0,00139286559	588,795056	5910720630000000	0,694502344	0,638928275	0,00960450787	0,0000000000000122003538	8840881130
0,00172360000	1,08787425	-0,000263865798	5669442960000000	0,00142289338	580,943349	5669442960000000	0,692618635	0,599913885	0,0106422907	0,0000000000000122577815	8831766320
0,00178420000	1,04665041	-0,000273165537	5440937950000000	0,00145256020	573,347909	5440937950000000	0,690764880	0,563975860	0,0115982421	0,0000000000000122758151	8822983110
0,00184480000	1,00758489	-0,000269453855	5225373450000000	0,00148235074	565,749731	5225373450000000	0,688948967	0,530746628	0,0124821397	0,0000000000000123580777	8814556120
0,00190540000	0,970649560	-0,000259712891	5022438290000000	0,00151067128	558,851754	5022438290000000	0,687175256	0,500570811	0,0132848164	0,0000000000000123908597	8806491640
0,00196600000	0,935883875	-0,000270227858	4832201410000000	0,00153982078	551,601056	4832201410000000	0,685451717	0,472493389	0,0140316759	0,0000000000000123895502	8798810910
0,00202660000	0,902847042	-0,000265218022	4652124000000000	0,00156715952	545,173297	4652124000000000	0,683761989	0,446950020	0,0147111295	0,0000000000000123309796	8791427810
0,00208720000	0,870979091	-0,000265994179	4479064190000000	0,00159213316	539,785422	4479064190000000	0,682080859	0,423573501	0,0153329449	0,0000000000000123131618	8784224800
0,00214780000	0,841271876	-0,000263781901	4318310370000000	0,00161909944	533,538486	4318310370000000	0,680465416	0,401569956	0,0159182392	0,0000000000000122755524	8777435520
0,00220840000	0,812438940	-0,000262467446	4162815880000000	0,00164404015	528,172762	4162815880000000	0,678850006	0,381237548	0,0164590812	0,0000000000000122232240	8770774450
0,00226900000	0,785268917	-0,000264854205	4016766180000000	0,00166775038	523,221155	4016766180000000	0,677282160	0,362632220	0,0169539830	0,0000000000000121937735	8764430550
0,00232960000	0,759481962	-0,000266968818	3878579400000000	0,00169174653	518,155168	3878579400000000	0,675750584	0,345190055	0,0174179445	0,0000000000000122053685	8758347210
0,00239020000	0,734287430	-0,000263931911	3743970650000000	0,00171583286	513,153136	3743970650000000	0,674210661	0,328532499	0,0178610355	0,0000000000000121624987	8752342860
0,00245080000	0,710226121	-0,000260437509	3615789060000000	0,00173694007	509,159350	3615789060000000	0,672697324	0,313428970	0,0182627894	0,0000000000000121153448	8746550540
0,00251140000	0,687439890	-0,000259215772	3494736180000000	0,00175674567	505,540517	3494736180000000	0,671223364	0,299520387	0,0186327577	0,0000000000000121516805	8741011100
0,00257200000	0,665280447	-0,000257227790	3377327020000000	0,00177709732	501,765344	3377327020000000	0,669749532	0,286142776	0,0189886022	0,0000000000000121534452	8735571900
0,00263260000	0,644273238	-0,000257358098	3266308960000000	0,00179670847	498,179920	3266308960000000	0,668313316	0,273716219	0,0193191486	0,0000000000000121582922	8730366540
0,00269320000	0,624384377	-0,000263139426	3161458070000000	0,00181645612	494,509910	3161458070000000	0,666916477	0,262049538	0,0196294823	0,0000000000000121318718	8725392980
0,00275380000	0,605221200	-0,000260031335	3060669600000000	0,00183594243	490,924299	3060669600000000	0,665534492	0,251002631	0,0199233300	0,0000000000000121156698	8720557930
0,00281440000	0,586299959	-0,000262311807	2961381830000000	0,00185561147	487,344932	2961381830000000	0,664133160	0,240285875	0,0202083957	0,0000000000000121233981	8715741360
0,00287500000	0,568383858	-0,000260595953	2867577770000000	0,00187590663	483,560285	2867577770000000	0,662770618	0,230157362	0,0204778142	0,0000000000000121296378	8711140540
0,00293560000	0,551294540	-0,000265430108	2778292530000000	0,00189395305	480,403435	2778292530000000	0,661436782	0,220866397	0,0207249539	0,0000000000000120553201	8706714670
0,00299620000	0,535008100	-0,000261879065	2693374880000000	0,00191058267	477,613945	2693374880000000	0,660132810	0,212252031	0,0209540960	0,0000000000000119052578	8702461870
0,00305680000	0,518755503	-0,000263445619	2608802090000000	0,00192446945	475,614295	2608802090000000	0,658797846	0,204103756	0,0211708401	0,0000000000000116806834	8698183110
0,00311740000	0,503274624	-0,000262383959	2528401710000000	0,00194250494	472,459162	2528401710000000	0,657493208	0,195976874	0,0213870151	0,0000000000000112414096	8694074370
0,00317800000	0,489011530	-0,000253634086	2454461410000000	0,00196409311	468,318737	2454461410000000	0,656261072	0,188154678	0,0215950856	0,0000000000000108606969	8690259520
0,00323860000	0,474549903	-0,000248777935	2379624730000000	0,00197908177	465,982164	2379624730000000	0,654980675	0,181036281	0,0217844349	0,0000000000000103940716	8686362190
0,00329920000	0,460743361	-0,000245955760	2308303000000000	0,00199110337	464,363622	2308303000000000	0,653727467	0,174550016	0,0219569696	0,0000000000000100089930	8682613160
0,00335980000	0,447505449	-0,000251055252	2240033500000000	0,00200271464	462,808156	2240033500000000	0,652496073	0,168405521	0,0221204131	0,00000000000000971043096	8678992070
0,00342040000	0,434838572	-0,000251115721	2174814270000000	0,00201812723	460,277264	2174814270000000	0,651289022	0,162253665	0,0222840525	0,00000000000000939558495	8675502410
0,00348100000	0,422603920	-0,000263029252	2111918450000000	0,00203208902	458,097245	2111918450000000	0,650095029	0,156478725	0,0224376659	0,00000000000000906461176	8672108350
0,00354160000	0,410733211	-0,000264092513	2050985740000000	0,00204271555	456,711917	2050985740000000	0,648908744	0,151173487	0,0225787853	0,00000000000000882759843	8668792790
0,00360220000	0,399197665	-0,000268458571	1991860500000000	0,00205079767	455,911578	1991860500000000	0,647728341	0,146236905	0,0227100983	0,00000000000000861533338	8665549250
0,00366280000	0,387935002	-0,000273334568	1934216850000000	0,00205808929	455,274308	1934216850000000	0,646548227	0,141501757	0,0228360533	0,00000000000000848835947	8662361520
0,00372340000	0,376696336	-0,000279877098	1876777800000000	0,00206517577	454,683285	1876777800000000	0,645341967	0,136828549	0,0229603606	0,00000000000000849275673	8659159630
0,00378400000	0,366299994	-0,000287016324	1823716590000000	0,00207444401	453,505070	1823716590000000	0,644199281	0,132366021	0,0230790638	0,00000000000000847452858	8656178770
0,00384460000	0,356462564	-0,000285877144	1773572540000000	0,00208382774	452,257352	1773572540000000	0,643093050	0,128146876	0,0231912931	0,00000000000000852962982	8653341130
0,00390520000	0,346315479	-0,000288619667	1721915970000000	0,00208613913	452,668407	1721915970000000	0,641925240	0,124276658	0,0232942409	0,00000000000000864300347	8650396560
0,00396580000	0,336325800	-0,000295117625	1671126140000000	0,00208963367	452,785660	1671126140000000	0,640747614	0,120409280	0,0233971131	0,00000000000000871829681	8647479950
0,00402640000	0,327095131	-0,000304930485	1624253100000000	0,00210577182	449,959071	1624253100000000	0,639633529	0,116135042	0,0235108079	0,00000000000000873473948	8644769090
0,00408700000	0,318176486	-0,000308093638	1579017320000000	0,00212091031	447,374558	1579017320000000	0,638532210	0,112094802	0,0236182783	0,00000000000000857383178	8642135240
0,00414760000	0,309617071	-0,000307803112	1535652450000000	0,00212423381	447,402698	1535652450000000	0,637451077	0,108845757	0,0237047029	0,00000000000000859200422	8639593780
0,00420820000	0,301099687	-0,000306683877	1492548110000000	0,00212954288	446,984497	1492548110000000	0,636350553	0,105526816	0,0237929867	0,00000000000000854154734	8637051360
0,00426880000	0,292656101	-0,000303274022	1449864160000000	0,00214397956	444,564863	1449864160000000	0,635233996	0,101818702	0,0238916225	0,00000000000000837501847	8634517580
0,00432940000	0,284766645	-0,000301568490	1410023730000000	0,00215708909	442,417995	1410023730000000	0,634166524	0,0984190622	0,0239820529	0,00000000000000802965714	8632137940
0,00439000000	0,277354045	-0,000297143738	1372628620000000	0,00216625625	441,097240	1372628620000000	0,633141202	0,0954034551	0,0240622681	0,00000000000000769621223	8629891350
0,00445060000	0,269947195	-0,000287995520	1335298630000000	0,00216989388	440,958946	1335298630000000	0,632093950	0,0926532788	0,0241354228	0,00000000000000743113313	8627636000
0,00451120000	0,262577686	-0,000285377429	1298192720000000	0,00217203880	441,131294	1298192720000000	0,631028304	0,0899896315	0,0242062758	0,00000000000000690472372	8625381510
0,00457180000	0,255558947	-0,000287684880	1262886280000000	0,00218382340	439,239860	1262886280000000	0,629990316	0,0870698129	0,0242839430	0,00000000000000598117366	8623224550
0,00463240000	0,248732946	-0,000281381831	1228580590000000	0,00219445429	437,593999	1228580590000000	0,628958158	0,0842942585	0,0243577727	0,00000000000000549233018	8621117630
0,00469300000	0,242110272	-0,000280468695	1195326250000000	0,00219178553	438,700258	1195326250000000	0,627934302	0,0821125018	0,0244158075	0,00000000000000514392856	8619064750
0,00475360000	0,235701593	-0,000285500244	1163174100000000	0,00218838530	439,938982	1163174100000000	0,626921431	0,0800279734	0,0244712559	0,00000000000000450602172	8617070030
0,00481420000	0,229298582	-0,000290287158	1131077610000000	0,00219315790	439,470245	1131077610000000	0,625886654	0,0776503448	0,0245345008	0,00000000000000350208581	8615069020
0,00487480000	0,223151712	-0,000295287133	1100290710000000	0,00219799068	438,968881	1100290710000000	0,624870744	0,0753706889	0,0245951397	0,00000000000000248979041	8613140480
0,00493540000	0,217327584	-0,000296629912	1071143470000000	0,00220073668	438,872930	1071143470000000	0,623886786	0,0732825290	0,0246506847	0,00000000000000146227065	8611306350
0,00499600000	0,211568317	-0,000297213770	1042343070000000	0,00220197587	439,080708	1042343070000000	0,622892296	0,0712720109	0,0247041645	0,000000000000000509466984	8609486110
0,00505660000	0,205741374	-0,000296769302	1013226750000000	0,00220064341	439,821603	1013226750000000	0,621863270	0,0693230812	0,0247560060	-0,000000000000000515812453	8607637890
0,00511720000	0,200303671	-0,000302796530	986075866000000	0,00220597376	439,155657	986075866000000	0,620881195	0,0673024496	0,0248097548	-0,00000000000000172677459	8605907160
0,00517780000	0,195046273	-0,000304305923	959844069000000	0,00221327530	438,075412	959844069000000	0,619910666	0,0652959331	0,0248631282	-0,00000000000000216320504	8604228370
0,00523840000	0,189832699	-0,000299575101	933849208000000	0,00221382119	438,373337	933849208000000	0,618926794	0,0635118990	0,0249105835	-0,00000000000000321404113	8602558320
0,00529900000	0,184789662	-0,000294101842	908721995000000	0,00221472036	438,583591	908721995000000	0,617953769	0,0617778835	0,0249567083	-0,00000000000000447972437	8600937960
0,00535960000	0,179843035	-0,000286526921	884091737000000	0,00221909116	438,078178	884091737000000	0,616977923	0,0599850564	0,0250043975	-0,00000000000000606106613	8599343900
0,00542020000	0,175116496	-0,000279784396	860572716000000	0,00222464268	437,318449	860572716000000	0,616024669	0,0582435974	0,0250507203	-0,00000000000000776465201	8597816480
0,00548080000	0,170524024	-0,000276451064	837735212000000	0,00222559794	437,478085	837735212000000	0,615077972	0,0566736187	0,0250924817	-0,00000000000000945947916	8596328430
0,00554140000	0,166041155	-0,000269006309	815456453000000	0,00221944292	439,066501	815456453000000	0,614133417	0,0553194277	0,0251285032	-0,0000000000000108778257	8594872190
0,00560200000	0,161640241	-0,000261172427	793598183000000	0,00220731083	441,877313	793598183000000	0,613185481	0,0541324963	0,0251600756	-0,0000000000000120597573	8593439060
0,00566260000	0,157463013	-0,000260762958	772863019000000	0,00219933075	443,836922	772863019000000	0,612265846	0,0529094033	0,0251926099	-0,0000000000000129803227	8592075610
0,00572320000	0,153168190	-0,000264605456	751556430000000	0,00219072056	445,947048	751556430000000	0,611299102	0,0516529934	0,0252260304	-0,0000000000000137998948	8590670620
0,00578380000	0,149227145	-0,000275104365	732015932000000	0,00218925756	446,547131	732015932000000	0,610392102	0,0503436339	0,0252608593	-0,0000000000000143251169	8589378620
0,00584440000	0,145203239	-0,000289577090	712075454000000	0,00218767127	447,178174	712075454000000	0,609445378	0,0490077581	0,0252963936	-0,0000000000000148759316	8588056800
0,00590500000	0,141105469	-0,000301506990	691780245000000	0,00218300746	448,458623	691780245000000	0,608458708	0,0477126810	0,0253308427	-0,0000000000000156589520	8586708040
0,00596560000	0,137001004	-0,000311444478	671463315000000	0,00217265947	450,943292	671463315000000	0,607446348	0,0465319777	0,0253622494	-0,0000000000000166774752	8585354450
0,00602620000	0,133239259	-0,000318584776	652852909000000	0,00216951938	451,885778	652852909000000	0,606496191	0,0453077707	0,0253948133	-0,0000000000000175973036	8584111640
0,00608680000	0,129515350	-0,000326353785	634439184000000	0,00216449332	453,228400	634439184000000	0,605533397	0,0441321039	0,0254260860	-0,0000000000000177280682	8582879310
0,00614740000	0,126207437	-0,000332121057	618090385000000	0,00215581620	455,328830	618090385000000	0,604658662	0,0431679216	0,0254517333	-0,0000000000000174342253	8581783020
0,00620800000	0,122778578	-0,000332205261	601151716000000	0,00215027896	456,772015	601151716000000	0,603731565	0,0420930281	0,0254803255	-0,0000000000000173603924	8580645100
0,00626860000	0,119592761	-0,000332331361	585420890000000	0,00215479929	456,026564	585420890000000	0,602850638	0,0409055537	0,0255119123	-0,0000000000000177467764	8579586490
0,00632920000	0,116268339	-0,000330925475	569013069000000	0,00215901229	455,360192	569013069000000	0,601910249	0,0396814936	0,0255444723	-0,0000000000000191212645	8578480510
0,00638980000	0,113269594	-0,000327099199	554219137000000	0,00216651905	453,970299	554219137000000	0,601042502	0,0385158856	0,0255754774	-0,0000000000000208373829	8577481800
0,00645040000	0,110097389	-0,000324581660	538576173000000	0,00216081967	455,414283	538576173000000	0,600103369	0,0375274880	0,0256017688	-0,0000000000000230741880	8576424270
0,00651100000	0,106993283	-0,000316893195	523275716000000	0,00215671416	456,516086	523275716000000	0,599162170	0,0365307740	0,0256282814	-0,0000000000000261691419	8575388470
0,00657160000	0,103864101	-0,000304698061	507858359000000	0,00214999156	458,187673	507858359000000	0,598189859	0,0355653211	0,0256539625	-0,0000000000000297124582	8574343420
0,00663220000	0,100883297	-0,000292974251	493178320000000	0,00213682736	461,263580	493178320000000	0,597240450	0,0347500493	0,0256756487	-0,0000000000000327496462	8573347160
0,00669280000	0,0981595742	-0,000285249279	479769722000000	0,00211875258	465,447551	479769722000000	0,596352015	0,0340936483	0,0256931090	-0,0000000000000362426285	8572436260
0,00675340000	0,0954580199	-0,000278777805	466475312000000	0,00210610688	468,470916	466475312000000	0,595450000	0,0333479498	0,0257129445	-0,0000000000000414422693	8571532300
0,00681400000	0,0928730177	-0,000271458254	453759173000000	0,00211349344	466,992204	453759173000000	0,594566448	0,0323255109	0,0257401414	-0,0000000000000474041456	8570666960
0,00687460000	0,0904844537	-0,000268370741	442013458000000	0,00211978204	465,755027	442013458000000	0,593731309	0,0313953383	0,0257648840	-0,0000000000000528539263	8569867100
0,00693520000	0,0879670581	-0,000268112713	429638486000000	0,00211853204	466,208313	429638486000000	0,592830612	0,0305343743	0,0257877856	-0,0000000000000570542827	8569023880
0,00699580000	0,0854142285	-0,000270390747	417093808000000	0,00210862017	468,603988	417093808000000	0,591894555	0,0297821653	0,0258077944	-0,0000000000000592536044	8568168620
0,00705640000	0,0827993648	-0,000271711255	404248974000000	0,00208886545	473,269564	404248974000000	0,590910686	0,0291379735	0,0258249299	-0,0000000000000619379965	8567292470
0,00711700000	0,0805615084	-0,000275872675	393259857000000	0,00207572593	476,454044	393259857000000	0,590047358	0,0285253177	0,0258412265	-0,0000000000000648013613	8566542610
0,00717760000	0,0783409170	-0,000277518539	382358956000000	0,00205854808	480,626634	382358956000000	0,589170149	0,0279660503	0,0258561031	-0,0000000000000689019089	8565798580
0,00723820000	0,0759811207	-0,000280429388	370778453000000	0,00203786712	485,718075	370778453000000	0,588214250	0,0273942559	0,0258713128	-0,0000000000000742713221	8565008010
0,00729880000	0,0737606365	-0,000281495047	359885148000000	0,00203065827	487,611720	359885148000000	0,587291180	0,0266838176	0,0258902105	-0,0000000000000805853462	8564264270
0,00735940000	0,0716125762	-0,000284722418	349350409000000	0,00203305240	487,178099	349350409000000	0,586375141	0,0258722124	0,0259117992	-0,0000000000000861877965	8563544980
0,00742000000	0,0694782627	-0,000282776074	338886272000000	0,00202033937	490,418183	338886272000000	0,585441149	0,0252551838	0,0259282121	-0,0000000000000914768973	8562830560
0,00748060000	0,0674132139	-0,000282424778	328764751000000	0,00199270200	497,422930	328764751000000	0,584513520	0,0248406968	0,0259392375	-0,0000000000000920075759	8562139620
0,00754120000	0,0654972423	-0,000276783473	319376570000000	0,00197667753	501,620659	319376570000000	0,583630540	0,0243269751	0,0259529025	-0,0000000000000894047511	8561498870
0,00760180000	0,0635233246	-0,000273731903	309707138000000	0,00196938970	503,625867	309707138000000	0,582697045	0,0236777503	0,0259701718	-0,0000000000000861580793	8560839110
0,00766240000	0,0616938378	-0,000271494919	300747647000000	0,00197014048	503,555444	300747647000000	0,581808998	0,0229840167	0,0259886252	-0,0000000000000840074477	8560228000
0,00772300000	0,0598058583	-0,000270610355	291504156000000	0,00196891861	503,997163	291504156000000	0,580868103	0,0222914270	0,0260070480	-0,0000000000000837024153	8559597790
0,00778360000	0,0579412021	-0,000270323173	282377306000000	0,00195307615	508,241841	282377306000000	0,579912947	0,0217686501	0,0260209539	-0,0000000000000860951658	8558975850
0,00784420000	0,0560829651	-0,000275355296	273284299000000	0,00192598125	515,569060	273284299000000	0,578933849	0,0213640463	0,0260317164	-0,0000000000000896238604	8558356580
0,00790480000	0,0542760517	-0,000272736749	264444760000000	0,00190506376	521,390499	264444760000000	0,577954025	0,0209000022	0,0260440599	-0,0000000000000927832878	8557754970
0,00796540000	0,0526637465	-0,000276748830	256559191000000	0,00189476324	524,351394	256559191000000	0,577055127	0,0203870088	0,0260577056	-0,0000000000000976008859	8557218660
0,00802600000	0,0511504513	-0,000274276835	249159527000000	0,00189790005	523,579615	249159527000000	0,576189013	0,0197662846	0,0260742168	-0,000000000000106187935	8556715750
0,00808660000	0,0496231474	-0,000271501647	241692997000000	0,00189785786	523,692588	241692997000000	0,575291543	0,0191743773	0,0260899616	-0,000000000000109880250	8556208690
0,00814720000	0,0478860631	-0,000270524833	233202907000000	0,00188660550	526,950203	233202907000000	0,574240478	0,0186111731	0,0261049428	-0,000000000000119836943	8555632630
0,00820780000	0,0463640928	-0,000268444534	225765945000000	0,00189925137	523,521448	225765945000000	0,573291284	0,0178976853	0,0261239216	-0,000000000000130023267	8555128520
0,00826840000	0,0448264937	-0,000266174180	218254271000000	0,00190004808	523,402043	218254271000000	0,572303664	0,0172949394	0,0261399546	-0,000000000000144518283	8554619850
0,00832900000	0,0434803796	-0,000265615424	211679431000000	0,00188419189	527,919676	211679431000000	0,571413826	0,0169150939	0,0261500585	-0,000000000000165247628	8554175070
0,00838960000	0,0422247345	-0,000266517839	205547623000000	0,00186738128	532,779967	205547623000000	0,570561230	0,0165729698	0,0261591590	-0,000000000000190954133	8553760660
0,00845020000	0,0407915663	-0,000264666168	198550259000000	0,00184751822	538,631385	198550259000000	0,569559779	0,0161808977	0,0261695881	-0,000000000000218459416	8553288260
0,00851080000	0,0395141927	-0,000264712743	192314776000000	0,00182798963	544,497481	192314776000000	0,568640102	0,0158401690	0,0261786515	-0,000000000000244673539	8552867790
0,00857140000	0,0384120158	-0,000263321130	186935441000000	0,00180889899	550,343009	186935441000000	0,567824721	0,0155595923	0,0261861148	-0,000000000000263325017	8552505430
0,00863200000	0,0371806936	-0,000261715528	180926809000000	0,00178903718	556,560882	180926809000000	0,566888368	0,0152266527	0,0261949710	-0,000000000000278623647	8552101130
0,00869260000	0,0359687177	-0,000263516387	175013631000000	0,00177224484	561,936219	175013631000000	0,565938841	0,0148685644	0,0262044962	-0,000000000000278707757	8551703740
0,00875320000	0,0347543907	-0,000263440078	169090025000000	0,00176570279	564,105967	169090025000000	0,564957837	0,0144185394	0,0262164669	-0,000000000000267735588	8551306150
0,00881380000	0,0334090820	-0,000270240234	162528697000000	0,00174527211	570,823346	162528697000000	0,563833850	0,0140212841	0,0262270338	-0,000000000000254016441	8550866390
0,00887440000	0,0321071255	-0,000273369688	156180027000000	0,00170492277	584,468241	156180027000000	0,562705987	0,0137924579	0,0262331206	-0,000000000000243110759	8550441530
0,00893500000	0,0308527445	-0,000277047640	150064485000000	0,00166909997	597,138109	150064485000000	0,561578983	0,0135368138	0,0262399208	-0,000000000000235301503	8550032920
0,00899560000	0,0298223105	-0,000274801085	145041598000000	0,00164950851	604,320813	145041598000000	0,560621245	0,0132391133	0,0262478396	-0,000000000000228784685	8549697800
0,00905620000	0,0288963484	-0,000278619246	140528606000000	0,00163922642	608,183441	140528606000000	0,559734257	0,0129076350	0,0262566569	-0,000000000000228777856	8549397110
0,00911680000	0,0279459744	-0,000274632595	135897267000000	0,00163470212	609,933330	135897267000000	0,558796192	0,0125167904	0,0262670534	-0,000000000000228868299	8549088930
0,00917740000	0,0269025755	-0,000271625776	130813341000000	0,00164954015	604,498087	130813341000000	0,557731721	0,0119401568	0,0262823918	-0,000000000000231017520	8548751120
0,00923800000	0,0259779206	-0,000271574011	126308638000000	0,00168434195	592,031910	126308638000000	0,556755929	0,0112907729	0,0262996654	-0,000000000000231956917	8548452240
0,00929860000	0,0250295497	-0,000266330292	121689029000000	0,00168434166	592,093201	121689029000000	0,555721022	0,0108778263	0,0263106498	-0,000000000000252677047	8548146190
0,00935920000	0,0240714912	-0,000261497544	117022880000000	0,00165419636	602,974344	117022880000000	0,554637814	0,0106513488	0,0263166741	-0,000000000000307650216	8547837530
0,00941980000	0,0232017399	-0,000259871882	112787390000000	0,00163338354	610,733291	112787390000000	0,553619054	0,0103966460	0,0263234492	-0,000000000000385901476	8547557780
0,00948040000	0,0222182690	-0,000256599923	107998762000000	0,00161269409	618,650909	107998762000000	0,552423179	0,0100829512	0,0263317935	-0,000000000000537221273	8547242010
0,00954100000	0,0215988953	-0,000252354042	104983317000000	0,00160202410	622,820678	104983317000000	0,551644334	0,00986670466	0,0263375457	-0,000000000000537221273	8547043450
0,00960160000	0,0208391124	-0,000255255267	101284658000000	0,00157909526	631,933202	101284658000000	0,550659792	0,00965731105	0,0263431155	-0,000000000000646503732	8546800210
0,00966220000	0,0200618658	-0,000257760445	97501410700000	0,00157160293	635,002148	97501410700000	0,549617077	0,00934090493	0,0263515319	-0,000000000000736557895	8546551770
0,00972280000	0,0192919295	-0,000263132204	93754171000000	0,00155802447	640,596987	93754171000000	0,548545968	0,00906018794	0,0263589990	-0,000000000000768804866	8546306060
0,00978340000	0,0186463301	-0,000270771612	90612399400000	0,00154149415	647,521217	90612399400000	0,547616280	0,00885047611	0,0263645773	-0,000000000000763859032	8546100340
0,00984400000	0,0178662503	-0,000284604691	86816583600000	0,00149651387	667,069673	86816583600000	0,546451463	0,00873459613	0,0263676597	-0,000000000000788119460	8545852160
0,00990460000	0,0170691861	-0,000294376945	82938571700000	0,00145068141	688,232330	82938571700000	0,545210442	0,00860806206	0,0263710255	-0,000000000000806457145	8545599030
0,00996520000	0,0163719003	-0,000309768177	79546391300000	0,00142304883	701,662355	79546391300000	0,544078825	0,00841630690	0,0263761262	-0,000000000000765487018	8545377960
0,0100258000	0,0157362784	-0,000321019847	76454498500000	0,00140335015	711,567026	76454498500000	0,543006629	0,00820271992	0,0263818077	-0,000000000000719673447	8545176760
0,0100864000	0,0150528584	-0,000326479493	73130420700000	0,00138921610	718,860663	73130420700000	0,541806781	0,00792591022	0,0263891708	-0,000000000000669196219	8544960780
0,0101470000	0,0142626428	-0,000332249922	69287318100000	0,00137209702	727,892261	69287318100000	0,540352863	0,00760308444	0,0263977580	-0,000000000000496798764	8544711500
0,0102076000	0,0136591118	-0,000335173128	66352431100000	0,00138028636	723,606789	66352431100000	0,539189589	0,00723783249	0,0264074737	-0,000000000000389224610	8544521440
0,0102682000	0,0131123103	-0,000334499202	63693636600000	0,00138814018	719,542763	63693636600000	0,538092343	0,00690849749	0,0264162340	-0,000000000000365815074	8544349500
0,0103288000	0,0124695376	-0,000329251138	60568461400000	0,00136296549	732,889827	60568461400000	0,536744941	0,00669086960	0,0264220229	-0,000000000000418848931	8544147710
0,0103894000	0,0119524123	-0,000327299631	58054400900000	0,00134218381	744,283043	58054400900000	0,535611566	0,00651244453	0,0264267690	-0,000000000000426689646	8543985610
0,0104500000	0,0115566563	-0,000322685671	56130520200000	0,00135875779	735,220257	56130520200000	0,534711853	0,00621982127	0,0264345528	-0,000000000000528012597	8543861720
0,0105106000	0,0111132934	-0,000317648317	53975342700000	0,00136332329	732,784002	53975342700000	0,533667952	0,00596097691	0,0264414380	-0,000000000000563335341	8543723080
0,0105712000	0,0106433051	-0,000314684710	51690893200000	0,00134141622	744,793086	51690893200000	0,532516545	0,00580191505	0,0264456691	-0,000000000000639673978	8543576300
0,0106318000	0,0102174953	-0,000313516393	49621316900000	0,00134825101	741,041191	49621316900000	0,531430142	0,00554138613	0,0264525991	-0,000000000000647959463	8543443490
0,0106924000	0,00970567065	-0,000312657756	47133852200000	0,00134801422	741,204205	47133852200000	0,530064768	0,00526452685	0,0264599636	-0,000000000000582139512	8543284070
0,0107530000	0,00922238279	-0,000320266004	44785248700000	0,00131606153	759,246072	44785248700000	0,528709913	0,00512365267	0,0264637108	-0,000000000000394212624	8543133760
0,0108136000	0,00876398697	-0,000328287064	42557766500000	0,00128289639	778,918669	42557766500000	0,527359617	0,00499468526	0,0264671414	-0,000000000000244604047	8542991390
0,0108742000	0,00829917315	-0,000334651271	40299251300000	0,00127814354	781,846970	40299251300000	0,525918453	0,00474720769	0,0264737243	-0,0000000000000293723102	8542847230
0,0109348000	0,00790261932	-0,000343565699	38372531800000	0,00127737836	782,341012	38372531800000	0,524625439	0,00452294999	0,0264796895	0,0000000000000993144447	8542724400
0,0109954000	0,00758351397	-0,000351320121	36822190100000	0,00127815944	781,883030	36822190100000	0,523538208	0,00433755971	0,0264846209	0,000000000000281641918	8542625680
0,0110560000	0,00724647628	-0,000359136125	35184805300000	0,00128833631	775,724441	35184805300000	0,522340328	0,00411194018	0,0264906224	0,000000000000554570501	8542521510
0,0111166000	0,00692676059	-0,000362631253	33631649100000	0,00129962014	769,005677	33631649100000	0,521152648	0,00389630202	0,0264963584	0,000000000000562545117	8542422800
0,0111772000	0,00664186661	-0,000364117045	32247716200000	0,00130997288	762,942904	32247716200000	0,520048294	0,00370644486	0,0265014086	0,000000000000329407599	8542334930
0,0112378000	0,00646392662	-0,000365923880	31383364600000	0,00134611309	742,459356	31383364600000	0,519334781	0,00351025639	0,0265066272	0,000000000000174724427	8542280090
0,0112984000	0,00615430703	-0,000364911064	29879427700000	0,00135715440	736,435403	29879427700000	0,518046150	0,00331485015	0,0265118250	-0,0000000000000845042957	8542184740
0,0113590000	0,00586369933	-0,000362584231	28467901200000	0,00135161725	739,472618	28467901200000	0,516777515	0,00317119252	0,0265156463	-0,000000000000477444551	8542095330
0,0114196000	0,00556994555	-0,000352681945	27041155400000	0,00132902853	752,066328	27041155400000	0,515430888	0,00306345724	0,0265185120	-0,000000000000999889762	8542005050
0,0114802000	0,00531464577	-0,000343979769	25801229000000	0,00132577804	753,927487	25801229000000	0,514202681	0,00293015406	0,0265220579	-0,00000000000116194209	8541926660
0,0115408000	0,00499241205	-0,000333782990	24236288400000	0,00128937884	775,241354	24236288400000	0,512566961	0,00283013046	0,0265247185	-0,00000000000148333124	8541827810
0,0116014000	0,00481056759	-0,000319317728	23353186700000	0,00126995894	787,112818	23353186700000	0,511597444	0,00276870926	0,0265263523	-0,00000000000159032009	8541772070
0,0116620000	0,00463271484	-0,000306099609	22489493100000	0,00127752995	782,457730	22489493100000	0,510613685	0,00265051009	0,0265294964	-0,00000000000156170703	8541717600
0,0117226000	0,00441608234	-0,000292708133	21437507000000	0,00126464398	790,447520	21437507000000	0,509363929	0,00255227156	0,0265321096	-0,00000000000166308460	8541651290
0,0117832000	0,00417213476	-0,000283702309	20252917000000	0,00123641195	808,518762	20252917000000	0,507882162	0,00246629642	0,0265343965	-0,00000000000212049670	8541576680
0,0118438000	0,00405430886	-0,000275769786	19680779100000	0,00127776452	782,351235	19680779100000	0,507135607	0,00231906193	0,0265383130	-0,00000000000209126484	8541540660
0,0119044000	0,00389151704	-0,000268847643	18890312600000	0,00128631534	777,159248	18890312600000	0,506068150	0,00221112136	0,0265411842	-0,00000000000255344792	8541490930
0,0119650000	0,00367857427	-0,000264432014	17856357600000	0,00123855307	807,152368	17856357600000	0,504603300	0,00217069666	0,0265422595	-0,00000000000272763998	8541425920
0,0120256000	0,00350662426	-0,000262632463	17021468800000	0,00124021359	806,082436	17021468800000	0,503357988	0,00206643349	0,0265450329	-0,00000000000293666676	8541373460
0,0120862000	0,00327316456	-0,000261004730	15887959100000	0,00122839469	813,855375	15887959100000	0,501566983	0,00194738163	0,0265481996	-0,00000000000214235450	8541302290
0,0121468000	0,00311418269	-0,000261183142	15116081800000	0,00119202469	838,703836	15116081800000	0,500273519	0,00190930304	0,0265492125	-0,00000000000224966908	8541253860
0,0122074000	0,00296397296	-0,000261001070	14386811100000	0,00114201189	875,452371	14386811100000	0,498989942	0,00189677055	0,0265495459	-0,00000000000168490851	8541208130
0,0122680000	0,00280681460	-0,000260115927	13623822000000	0,00112515585	888,580681	13623822000000	0,497576146	0,00182308603	0,0265515059	-0,00000000000137129122	8541160310
0,0123286000	0,00267789956	-0,000260603955	12997964900000	0,00114273238	874,918789	12997964900000	0,496356616	0,00171258332	0,0265544453	0,000000000000400108489	8541121100
0,0123892000	0,00260238511	-0,000258051002	12631362700000	0,00121225456	824,737396	12631362700000	0,495614942	0,00156883497	0,0265582690	0,000000000000400108489	8541098140
0,0124498000	0,00243433890	-0,000257065712	11815558600000	0,00122412008	816,752360	11815558600000	0,493884855	0,00145328611	0,0265613426	0,00000000000262709111	8541047080
0,0125104000	0,00230997091	-0,000256397204	11211809700000	0,00119615890	835,856433	11211809700000	0,492526409	0,00141126225	0,0265624604	0,00000000000436540554	8541009310
0,0125710000	0,00217650888	-0,000256414261	10563925900000	0,00115448099	866,045868	10563925900000	0,490985444	0,00137771518	0,0265633528	0,00000000000461472143	8540968790
0,0126316000	0,00206854757	-0,000255307541	10039843200000	0,00114195491	875,554103	10039843200000	0,489668675	0,00132372832	0,0265647888	0,00000000000334108484	8540936040
0,0126922000	0,00199309030	-0,000254569565	9673551740000	0,00117577495	850,370586	9673551740000	0,488707189	0,00123874706	0,0265670493	0,00000000000369720227	8540913150
0,0127528000	0,00192526157	-0,000255925908	9344294950000	0,00126495302	790,415298	9344294950000	0,487811539	0,00111222595	0,0265704148	0,00000000000219455481	8540892580
0,0128134000	0,00181134343	-0,000258385710	8791316570000	0,00129909914	769,643717	8791316570000	0,486234301	0,00101890222	0,0265728972	0,00000000000297951475	8540858050
0,0128740000	0,00169266811	-0,000261876478	8215256010000	0,00130087069	768,603176	8215256010000	0,484482714	0,000950840904	0,0265747076	0,00000000000224291681	8540822090
0,0129346000	0,00156511361	-0,000264124832	7596106450000	0,00127392476	784,871308	7596106450000	0,482458391	0,000897776325	0,0265761191	-0,00000000000477975431	8540783460
0,0129952000	0,00150502655	-0,000266707931	7304447930000	0,00124559030	802,731718	7304447930000	0,481447229	0,000882943807	0,0265765137	-0,00000000000818714588	8540765270
0,0130558000	0,00151567439	-0,000269601701	7356131630000	0,00126993711	787,339391	7356131630000	0,481629308	0,000872143929	0,0265768010	-0,00000000000818714588	8540768500
0,0131164000	0,00149223308	-0,000272793567	7242349620000	0,00121881467	820,369639	7242349620000	0,481226757	0,000894669636	0,0265762018	-0,00000000000818714588	8540761400
0,0131770000	0,00139346312	-0,000275000201	6762933430000	0,00116632320	857,302093	6762933430000	0,479458497	0,000873045913	0,0265767770	-0,0000000000145664390	8540731510
0,0132376000	0,00135853118	-0,000277322263	6593380180000	0,00124009308	806,300182	6593380180000	0,478803108	0,000800524663	0,0265787060	-0,0000000000167575902	8540720940
0,0132982000	0,00124881396	-0,000277920936	6060838500000	0,00125475945	796,881803	6060838500000	0,476629792	0,000727265727	0,0265806547	-0,0000000000103095245	8540687760
0,0133588000	0,00120214969	-0,000277622072	5834343700000	0,00120145852	832,241056	5834343700000	0,475647202	0,000731146004	0,0265805515	-0,0000000000117397357	8540673650
0,0134194000	0,00112521325	-0,000278176425	5460920010000	0,00106320907	940,473198	5460920010000	0,473941106	0,000773335642	0,0265794293	0,0000000000207150984	8540650390
0,0134800000	0,000979286024	-0,000277887804	4752649900000	0,00100658379	993,393284	4752649900000	0,470359394	0,000710897151	0,0265810901	0,0000000000392370792	8540606300
0,0135406000	0,000932042530	-0,000276924491	4523352900000	0,00101359071	986,528650	4523352900000	0,469084848	0,000671921804	0,0265821269	0,0000000000481041545	8540592030
0,0136012000	0,000865336003	-0,000276476504	4199594530000	0,00102840157	972,324339	4199594530000	0,467171026	0,000614844816	0,0265836451	0,0000000000923697488	8540571880
0,0136618000	0,000878035628	-0,000275763689	4261231580000	0,00134653133	742,589584	4261231580000	0,467546467	0,000476474383	0,0265873258	0,0000000000687945711	8540575720
0,0137224000	0,000808812347	-0,000273848720	3925260970000	0,00150103341	666,152958	3925260970000	0,465430500	0,000393730501	0,0265895268	0,0000000000538808492	8540554820
0,0137830000	0,000788269069	-0,000272074768	3825556190000	0,00181259313	551,642421	3825556190000	0,464767693	0,000317771644	0,0265915473	0,0000000000538808492	8540548620
0,0138436000	0,000800504086	-0,000269731427	3884937610000	0,00215230757	464,563431	3884937610000	0,465164488	0,000271769428	0,0265927709	0,0000000000538808492	8540552310
0,0139042000	0,000725662282	-0,000268176882	3521702210000	0,00185476119	539,103744	3521702210000	0,462636026	0,000285881145	0,0265923956	-0,0000000000532971458	8540529720
0,0139648000	0,000759976796	-0,000268188952	3688242940000	0,00165831793	602,969178	3688242940000	0,463826108	0,000334867196	0,0265910925	0,00000000000389118518	8540540080
0,0140254000	0,000821717705	-0,000266977603	3987896010000	0,00172547603	579,494630	3987896010000	0,465838347	0,000347981198	0,0265907437	0,0000000000538808492	8540558710
0,0140860000	0,000787329821	-0,000267501828	3820997660000	0,00170439140	586,666384	3820997660000	0,464736979	0,000337542389	0,0265910214	0,0000000000538808492	8540548330
0,0141466000	0,000737426061	-0,000268436827	3578795980000	0,00145025773	689,482610	3578795980000	0,463050220	0,000371546039	0,0265901169	-0,0000000000532971458	8540533270
0,0142072000	0,000678079444	-0,000268487196	3290766910000	0,00145020745	689,510455	3290766910000	0,460889392	0,000341655074	0,0265909120	-0,0000000000807794468	8540515360
0,0142678000	0,000597725324	-0,000269498365	2900785430000	0,00128779167	776,482390	2900785430000	0,457641717	0,000339149262	0,0265909786	-0,000000000151617024	8540491120
0,0143284000	0,000534695763	-0,000270615114	2594888230000	0,000894233680	1118,23941	2594888230000	0,454773253	0,000436906512	0,0265883783	-0,000000000126492785	8540472110
0,0143890000	0,000517272829	-0,000272674836	2510331160000	0,000761916217	1312,44491	2510331160000	0,453920622	0,000496071965	0,0265868045	-0,0000000000477218080	8540466860
0,0144496000	0,000463970516	-0,000274971680	2251645490000	0,000704995762	1418,41645	2251645490000	0,451121994	0,000480877427	0,0265872087	-0,0000000000402800477	8540450790
0,0145102000	0,000446923828	-0,000276558594	2168915290000	0,000744632111	1342,91438	2168915290000	0,450158792	0,000438552623	0,0265883345	0,0000000000356349463	8540445650
0,0145708000	0,000455897809	-0,000277358698	2212467370000	0,000892375512	1120,57323	2212467370000	0,450670339	0,000373293230	0,0265900704	0,0000000000391182568	8540448360
0,0146314000	0,000410966363	-0,000277789765	1994408870000	0,00100152309	998,450977	1994408870000	0,448000721	0,000299829328	0,0265920245	0,000000000000521794009	8540434810
0,0146920000	0,000373596510	-0,000278715589	1813048920000	0,000954433507	1047,71619	1813048920000	0,445548159	0,000286012312	0,0265923921	-0,0000000000145450167	8540423550
0,0147526000	0,000330370683	-0,000278186515	1603270560000	0,000830458116	1204,13182	1603270560000	0,442385351	0,000290676531	0,0265922680	-0,000000000145852133	8540410530
0,0148132000	0,000317022727	-0,000277871031	1538492140000	0,000878088453	1138,81551	1538492140000	0,441324631	0,000263801889	0,0265929829	-0,000000000145852133	8540406500
0,0148738000	0,000298337889	-0,000277164850	1447813750000	0,000769694874	1299,19547	1447813750000	0,439762344	0,000283214174	0,0265924665	-0,000000000188803807	8540400880
0,0149344000	0,000296384670	-0,000276358842	1438334690000	0,000719285172	1390,24864	1438334690000	0,439593420	0,000301078492	0,0265919913	-0,000000000188803807	8540400290
0,0149950000	0,000288987659	-0,000275236629	1402436730000	0,000760677823	1314,59697	1402436730000	0,438943452	0,000277589738	0,0265926161	-0,000000000188803807	8540398060
0,0150556000	0,000241138944	-0,000275106790	1170226120000	0,000748208984	1336,50820	1170226120000	0,434288926	0,000235487443	0,0265937360	-0,000000000160494751	8540383650
0,0151162000	0,000209749528	-0,000274963914	1017893670000	0,000662852250	1508,61717	1017893670000	0,430703358	0,000231209973	0,0265938498	-0,000000000601333658	8540374190
0,0151768000	0,000219822469	-0,000274216429	1066777450000	0,000599081182	1669,20751	1066777450000	0,431909295	0,000268107544	0,0265928683	-0,000000000737385674	8540377230
0,0152374000	0,000166256842	-0,000273814583	806825369000	0,000440729846	2268,95197	806825369000	0,424729543	0,000275630940	0,0265926682	-0,000000000695980837	8540361100
0,0152980000	0,000151268459	-0,000272563102	734087648000	0,000411390779	2430,76819	734087648000	0,422301044	0,000268666951	0,0265928535	-0,000000000369807053	8540356580
0,0153586000	0,000126810103	-0,000271555137	615393065000	0,000395181478	2530,47400	615393065000	0,417767986	0,000234464395	0,0265937632	-0,000000000671979306	8540349220
0,0154192000	0,000147490408	-0,000269910588	715753017000	0,000497504333	2010,02235	715753017000	0,421650923	0,000216614340	0,0265942381	-0,000000000369807053	8540355450
0,0154798000	0,0000780390469	-0,000269728833	378712051000	0,000261483118	3824,33308	378712051000	0,405291520	0,000218065195	0,0265941995	   NaN	8540334540
0,0155404000	0,0000481323789	-0,000270201347	233578857000	0,000173270548	5771,31777	233578857000	0,392873992	0,000202968977	0,0265946010	-0,00000000703930786	8540325540
0,0156010000	0,0000436727876	-0,000271786094	211937092000	0,000163446258	6118,21580	211937092000	0,390375749	0,000195232840	0,0265948068	-0,00000000703930786	8540324200
0,0156616000	0,0000514885639	-0,000274733532	249865957000	0,000205349804	4869,73551	249865957000	0,394605923	0,000183203464	0,0265951268	-0,00000000703930786	8540326550
0,0157222000	0,0000508325270	-0,000277917235	246682301000	0,000174183818	5741,05776	246682301000	0,394276433	0,000213231356	0,0265943280	-0,00000000703930786	8540326350
0,0157828000	0,00000481780728	-0,000279785851	23379984900	0,0000180065102	55535,4692	23379984900	0,333741006	0,000195494957	0,0265947998	   NaN	8540312500
0,0158434000	0,0000268681565	-0,000281245886	130386727000	0,000152949787	6538,09146	130386727000	0,377894440	0,000128352813	0,0265965858	   NaN	8540319140
0,0159040000	-0,0000111307760	-0,000282538948	-54015665400	-0,0000677021600	   NaN	-54015665400	   NaN	0,000120126297	0,0265968046	   NaN	   NaN
0,0159646000	-0,0000275719987	-0,000284066938	-133801816000	-0,000155715567	   NaN	-133801816000	   NaN	0,000129375148	0,0265965586	   NaN	   NaN
0,0160252000	-0,0000286290146	-0,000284759734	-138931308000	-0,000128325931	   NaN	-138931308000	   NaN	0,000163007124	0,0265956640	   NaN	   NaN
0,0160858000	-0,0000861410486	-0,000287274308	-418024774000	-0,000388406080	   NaN	-418024774000	   NaN	0,000162045466	0,0265956896	   NaN	   NaN
0,0161464000	-0,0000450381679	-0,000289857735	-218561624000	-0,000184118206	   NaN	-218561624000	   NaN	0,000178730249	0,0265952458	   NaN	   NaN
0,0162070000	-0,0000629892961	-0,000291582641	-305674612000	-0,000232937309	   NaN	-305674612000	   NaN	0,000197579189	0,0265947444	   NaN	   NaN
0,0162676000	-0,0000643943760	-0,000292543725	-312493154000	-0,000290478772	   NaN	-312493154000	   NaN	0,000161974628	0,0265956915	   NaN	   NaN
0,0163282000	-0,0000765091508	-0,000293666522	-371283422000	-0,000356567023	   NaN	-371283422000	   NaN	0,000156778053	0,0265958297	   NaN	   NaN
0,0163888000	-0,000118601938	-0,000295707265	-575549396000	-0,000589831481	   NaN	-575549396000	   NaN	0,000146918179	0,0265960920	   NaN	   NaN
0,0164494000	-0,000121426074	-0,000297020924	-589254190000	-0,000526145901	   NaN	-589254190000	   NaN	0,000168623218	0,0265955146	   NaN	   NaN
0,0165100000	-0,000173011529	-0,000297979506	-839583907000	-0,000630230462	   NaN	-839583907000	   NaN	0,000200579063	0,0265946646	   NaN	   NaN
0,0165706000	-0,000171768482	-0,000298875306	-833551769000	-0,000587070624	   NaN	-833551769000	   NaN	0,000213778050	0,0265943135	   NaN	   NaN
0,0166312000	-0,000162485527	-0,000300377009	-788504332000	-0,000518520021	   NaN	-788504332000	   NaN	0,000228959905	0,0265939097	   NaN	   NaN
0,0166918000	-0,000179784943	-0,000300889999	-872453240000	-0,000585907082	   NaN	-872453240000	   NaN	0,000224199323	0,0265940363	   NaN	   NaN
0,0167524000	-0,000203064357	-0,000300886920	-985420950000	-0,000638647620	   NaN	-985420950000	   NaN	0,000232317206	0,0265938204	   NaN	   NaN
0,0168130000	-0,000235799855	-0,000301697878	-1144275410000	-0,000819622955	   NaN	-1144275410000	   NaN	0,000210202238	0,0265944086	   NaN	   NaN
0,0168736000	-0,000238222276	-0,000302409087	-1156030580000	-0,000910567338	   NaN	-1156030580000	   NaN	0,000191151689	0,0265949154	   NaN	   NaN
0,0169342000	-0,000279241112	-0,000303759460	-1355080170000	-0,00106673176	   NaN	-1355080170000	   NaN	0,000191262861	0,0265949124	   NaN	   NaN
0,0169948000	-0,000279445162	-0,000304576642	-1356070340000	-0,00122263036	   NaN	-1356070340000	   NaN	0,000166996713	0,0265955579	   NaN	   NaN
0,0170554000	-0,000324763580	-0,000305277452	-1575982820000	-0,00160183147	   NaN	-1575982820000	   NaN	0,000148134270	0,0265960596	   NaN	   NaN
0,0171160000	-0,000339176475	-0,000306697181	-1645922630000	-0,00185883040	   NaN	-1645922630000	   NaN	0,000133318535	0,0265964537	   NaN	   NaN
0,0171766000	-0,000338820590	-0,000307654170	-1644195670000	-0,00201230799	   NaN	-1644195670000	   NaN	0,000123021192	0,0265967276	   NaN	   NaN
0,0172372000	-0,000354757988	-0,000308594534	-1721533090000	-0,00202623759	   NaN	-1721533090000	   NaN	0,000127922191	0,0265965973	   NaN	   NaN
0,0172978000	-0,000328497188	-0,000309164733	-1594100490000	-0,00171520986	   NaN	-1594100490000	   NaN	0,000139932732	0,0265962778	   NaN	   NaN
0,0173584000	-0,000318495178	-0,000308960632	-1545564820000	-0,00188060721	   NaN	-1545564820000	   NaN	0,000123739971	0,0265967085	   NaN	   NaN
0,0174190000	-0,000334657846	-0,000308269538	-1623995610000	-0,00283135148	   NaN	-1623995610000	   NaN	0,0000863598641	0,0265977028	   NaN	   NaN
0,0174796000	-0,000347476251	-0,000308524655	-1686197930000	-0,00363717459	   NaN	-1686197930000	   NaN	0,0000698015856	0,0265981433	   NaN	   NaN
0,0175402000	-0,000351026390	-0,000308494742	-1703425240000	-0,00415996225	   NaN	-1703425240000	   NaN	0,0000616530511	0,0265983600	   NaN	   NaN
0,0176008000	-0,000399861368	-0,000308043938	-1940399620000	-0,00424436959	   NaN	-1940399620000	   NaN	0,0000688333444	0,0265981690	   NaN	   NaN
0,0176614000	-0,000414166325	-0,000307783463	-2009814880000	-0,00394111287	   NaN	-2009814880000	   NaN	0,0000767817609	0,0265979576	   NaN	   NaN
0,0177220000	-0,000415836624	-0,000307615832	-2017920050000	-0,00427776218	   NaN	-2017920050000	   NaN	0,0000710245027	0,0265981107	   NaN	   NaN
0,0177826000	-0,000405688730	-0,000307502829	-1968677100000	-0,00420039245	   NaN	-1968677100000	   NaN	0,0000705676253	0,0265981229	   NaN	   NaN
0,0178432000	-0,000399678884	-0,000305871007	-1939514110000	-0,00425158354	   NaN	-1939514110000	   NaN	0,0000686851911	0,0265981730	   NaN	   NaN
0,0179038000	-0,000406401251	-0,000306206800	-1972134630000	-0,00790936969	   NaN	-1972134630000	   NaN	0,0000375418411	0,0265990014	   NaN	   NaN
0,0179644000	-0,000402457689	-0,000306242579	-1952998360000	-0,0249549354	   NaN	-1952998360000	   NaN	0,0000117832831	0,0265996866	   NaN	   NaN
0,0180250000	-0,000384642062	-0,000306133255	-1866547300000	-0,0213614053	   NaN	-1866547300000	   NaN	0,0000131561878	0,0265996500	   NaN	   NaN
0,0180856000	-0,000398112799	-0,000305518588	-1931914620000	-0,0241488184	   NaN	-1931914620000	   NaN	0,0000120451698	0,0265996796	   NaN	   NaN
0,0181462000	-0,000412789726	-0,000305322365	-2003134890000	-0,0250390676	   NaN	-2003134890000	   NaN	0,0000120451698	0,0265996796	   NaN	   NaN
0,0182068000	-0,000411046501	-0,000304663638	-1994675840000	-0,0249333300	   NaN	-1994675840000	   NaN	0,0000120451698	0,0265996796	   NaN	   NaN
0,0182674000	-0,000408345921	-0,000304591277	-1981571200000	-0,0247695227	   NaN	-1981571200000	   NaN	0,0000120451698	0,0265996796	   NaN	   NaN
0,0183280000	-0,000427183474	-0,000304265759	-2072980870000	0,000126107686	   NaN	-2072980870000	   NaN	-0,00247499670	0,0266658349	   NaN	   NaN
