Time_(s)	Photoconductance_Signal_(V)	Reference_Voltage_(V)	Apparent_Carrier_Density_(cm-3)	Tau_(s)	Inverse_Tau_Auger_Corrected_(s-1)	Minority_Carrier_Density_(cm-3)	Implied_Voc_(V)	Implied_Suns_(suns)	Photogeneration_(A/cm2)	Jo_(A/cm2)	ni_(cm-3)
0,000131800000	12,7586209	0,00916274994	152021349000000000	-0,0000814630995	-52165,5008	152021349000000000	0,848527051	-202,300535	5,40779424	-0,000000000000260859782	10720898500
0,000165000000	11,5699390	0,00299880594	132389194000000000	0,000403835318	-29245,9402	132389194000000000	0,842363546	35,5387069	-0,918729605	-0,000000000000212633683	10596677500
0,000198200000	10,2140552	0,00125980982	111328445000000000	0,000341690186	-20998,4279	111328445000000000	0,834672609	35,3205142	-0,912925678	-0,000000000000123492922	10449636000
0,000231400000	9,06164297	0,000597447751	94563618400000000	0,000290919958	-15003,4821	94563618400000000	0,827465583	35,2374073	-0,910715034	-0,000000000000110527299	10320276700
0,000264600000	8,09880105	0,000282262968	81367207500000000	0,000250603147	-10589,5322	81367207500000000	0,820867357	35,1978609	-0,909663100	-0,0000000000000981087616	10209138300
0,000297800000	7,29611191	0,000165635405	70934949800000000	0,000222297402	-7316,60177	70934949800000000	0,814882051	34,5922856	-0,893554797	-0,0000000000000741194272	10114348100
0,000331000000	6,61828301	0,000117687411	62530848400000000	0,000214965567	-5122,27498	62530848400000000	0,809418456	31,5339809	-0,812203893	-0,0000000000000563369079	10032764300
0,000364200000	6,03981873	0,000101540215	55653354700000000	0,000229054638	-3863,12204	55653354700000000	0,804406195	26,3393855	-0,674027653	-0,0000000000000524403275	9961998670
0,000397400000	5,54218609	0,0000813267011	49954432600000000	0,000252311896	-3070,91987	49954432600000000	0,799793493	21,4629633	-0,544314825	-0,0000000000000408784391	9900255280
0,000430600000	5,10797190	0,0000636907642	45146310000000000	0,000277025023	-2477,56038	45146310000000000	0,795505435	17,6667490	-0,443335524	-0,0000000000000337870067	9845704740
0,000463800000	4,72754091	0,0000597813301	41059771900000000	0,000302018381	-2015,63422	41059771900000000	0,791516818	14,7379316	-0,365428981	-0,0000000000000306611298	9797376300
0,000497000000	4,39141549	0,0000538449377	37547064700000000	0,000326736193	-1644,91245	37547064700000000	0,787787115	12,4575353	-0,304770439	-0,0000000000000282337038	9754247340
0,000530200000	4,09232512	0,0000527355605	34498562000000000	0,000351046637	-1342,34265	34498562000000000	0,784284248	10,6534324	-0,256781303	-0,0000000000000261811789	9715521930
0,000563400000	3,82545947	0,0000503716548	31839790600000000	0,000374961707	-1094,04485	31839790600000000	0,780993509	9,20527284	-0,218260257	-0,0000000000000249804340	9680684360
0,000596600000	3,58685370	0,0000493163548	29511443000000000	0,000398668390	-890,511176	29511443000000000	0,777902941	8,02475947	-0,186858602	-0,0000000000000233172234	9649303440
0,000629800000	3,37061391	0,0000508261719	27441145100000000	0,000421955604	-718,318652	27441145100000000	0,774966774	7,04999570	-0,160929886	-0,0000000000000218553444	9620670810
0,000663000000	3,17627488	0,0000432439695	25612767700000000	0,000445126062	-576,285645	25612767700000000	0,772205722	6,23773424	-0,139323731	-0,0000000000000206092630	9594779050
0,000696200000	2,99820863	0,0000447849370	23964242200000000	0,000467626726	-452,302584	23964242200000000	0,769563081	5,55543098	-0,121174464	-0,0000000000000192880505	9570921840
0,000729400000	2,83609467	0,0000487608408	22485618700000000	0,000489640580	-346,122115	22485618700000000	0,767053439	4,97829719	-0,105822705	-0,0000000000000184498757	9549090390
0,000762600000	2,68684214	0,0000399619141	21142996700000000	0,000511033240	-252,700007	21142996700000000	0,764646470	4,48508597	-0,0927032868	-0,0000000000000182338019	9528897030
0,000795800000	2,55043159	0,0000410061591	19931548300000000	0,000531982630	-172,253977	19931548300000000	0,762357677	4,06159827	-0,0814385139	-0,0000000000000175849398	9510362880
0,000829000000	2,42344552	0,0000429873430	18817213400000000	0,000551800999	-98,1902526	18817213400000000	0,760143266	3,69680215	-0,0717349372	-0,0000000000000170014496	9493042850
0,000862200000	2,30605980	0,0000454041167	17798613300000000	0,000570918770	-32,2372128	17798613300000000	0,758017645	3,37959941	-0,0632973443	-0,0000000000000162705126	9476976360
0,000895400000	2,19609601	0,0000350978816	16854415500000000	0,000589673273	27,0686663	16854415500000000	0,755951533	3,09852948	-0,0558208841	-0,0000000000000157558248	9461878230
0,000928600000	2,09362111	0,0000356836403	15983216300000000	0,000607548161	81,2661010	15983216300000000	0,753954983	2,85191677	-0,0492609859	-0,0000000000000152707631	9447768360
0,000961800000	1,99860741	0,0000422467018	15182934600000000	0,000624489373	130,511935	15182934600000000	0,752037000	2,63562762	-0,0435076946	-0,0000000000000147485310	9434652780
0,000995000000	1,90947852	0,0000434593705	14438758500000000	0,000640790017	175,610475	14438758500000000	0,750174270	2,44268517	-0,0383754256	-0,0000000000000142103991	9422322100
0,00102820000	1,82555170	0,0000380987948	13743796700000000	0,000657385937	215,078623	13743796700000000	0,748359199	2,26641634	-0,0336866746	-0,0000000000000140010368	9410688320
0,00106140000	1,74732714	0,0000390789945	13101094500000000	0,000673929183	249,560462	13101094500000000	0,746609620	2,10739864	-0,0294568038	-0,0000000000000132573642	9399826570
0,00109460000	1,67383254	0,0000426927540	12501681300000000	0,000690170661	280,662834	12501681300000000	0,744910773	1,96365555	-0,0256332377	-0,0000000000000126971350	9389606860
0,00112780000	1,60472166	0,0000462416926	11941930200000000	0,000705888791	309,210338	11941930200000000	0,743260630	1,83396744	-0,0221835340	-0,0000000000000121703927	9379985120
0,00116100000	1,53866282	0,0000469101995	11410436200000000	0,000720662895	337,155681	11410436200000000	0,741631840	1,71641959	-0,0190567612	-0,0000000000000117138935	9370779200
0,00119420000	1,47696472	0,0000370664919	10917147600000000	0,000736261387	359,991810	10917147600000000	0,740061477	1,60742432	-0,0161574870	-0,0000000000000113208707	9362174310
0,00122740000	1,41952408	0,0000384333815	10460604200000000	0,000751702711	379,870686	10460604200000000	0,738553527	1,50856502	-0,0135278296	-0,0000000000000109729526	9354158670
0,00126060000	1,36461019	0,0000397767039	10026581200000000	0,000766196661	399,624367	10026581200000000	0,737067311	1,41861975	-0,0111352854	-0,0000000000000104783058	9346492770
0,00129380000	1,31247846	0,0000421643742	9616750410000000	0,000780477051	417,708625	9616750410000000	0,735613010	1,33573894	-0,00893065583	-0,0000000000000103694313	9339213820
0,00132700000	1,26327309	0,0000380911994	9231891510000000	0,000796019799	431,700017	9231891510000000	0,734198685	1,25724583	-0,00684273897	-0,0000000000000100568772	9332343320
0,00136020000	1,21611705	0,0000418496625	8864852090000000	0,000810547807	446,026241	8864852090000000	0,732802489	1,18562197	-0,00493754444	-0,00000000000000980639686	9325759880
0,00139340000	1,17145018	0,0000405107260	8518802160000000	0,000823220863	461,447690	8518802160000000	0,731440497	1,12180028	-0,00323988750	-0,00000000000000968538112	9319525810
0,00142660000	1,12939505	0,0000433718782	8194421300000000	0,000834638613	476,805708	8194421300000000	0,730120483	1,06432238	-0,00171097544	-0,00000000000000959865564	9313658840
0,00145980000	1,08895904	0,0000384832324	7883840680000000	0,000847402988	489,116423	7883840680000000	0,728814389	1,00855881	-0,000227664439	-0,00000000000000949646546	9308021020
0,00149300000	1,05129360	0,0000385578604	7595696000000000	0,000859590768	500,324595	7595696000000000	0,727562960	0,957919938	0,00111932965	-0,00000000000000934337901	9302773200
0,00152620000	1,01485669	0,0000353736204	7318010040000000	0,000872624851	509,669167	7318010040000000	0,726318167	0,909114960	0,00241754207	-0,00000000000000928964438	9297700740
0,00155940000	0,980438541	0,0000347023176	7056665980000000	0,000887032878	516,020205	7056665980000000	0,725109361	0,862408889	0,00365992355	-0,00000000000000922514534	9292913820
0,00159260000	0,946126607	0,0000358048737	6797053320000000	0,000897522073	527,468419	6797053320000000	0,723870204	0,820973084	0,00476211596	-0,00000000000000915987361	9288146760
0,00162580000	0,914129048	0,0000340120468	6555783420000000	0,000908345164	536,919197	6555783420000000	0,722681873	0,782396807	0,00578824493	-0,00000000000000917485415	9283706510
0,00165900000	0,883393047	0,0000369651345	6324781300000000	0,000917480871	547,574484	6324781300000000	0,721508597	0,747311860	0,00672150451	-0,00000000000000913952472	9279446760
0,00169220000	0,853703043	0,0000369032466	6102342960000000	0,000924991633	559,409358	6102342960000000	0,720343670	0,715174775	0,00757635099	-0,00000000000000921426650	9275337640
0,00172540000	0,826483718	0,0000351559098	5899021170000000	0,000934314142	567,417329	5899021170000000	0,719246615	0,684447927	0,00839368514	-0,00000000000000930450667	9271575890
0,00175860000	0,800218332	0,0000390938585	5703374500000000	0,000944862336	573,453126	5703374500000000	0,718159933	0,654359983	0,00919402445	-0,00000000000000935522011	9267951390
0,00179180000	0,774011520	0,0000433029740	5508701720000000	0,000955793751	579,145271	5508701720000000	0,717046420	0,624796303	0,00998041835	-0,00000000000000941919721	9264340780
0,00182500000	0,749459770	0,0000419150391	5326810230000000	0,000965791162	584,854623	5326810230000000	0,715975008	0,597912150	0,0106955368	-0,00000000000000938752386	9260963900
0,00185820000	0,725378595	0,0000425051919	5148862400000000	0,000973121898	593,153051	5148862400000000	0,714895890	0,573584518	0,0113426518	-0,00000000000000930975969	9257657550
0,00189140000	0,702124386	0,0000427352125	4977455170000000	0,000980165651	601,197966	4977455170000000	0,713825575	0,550504988	0,0119565673	-0,00000000000000918923763	9254470630
0,00192460000	0,680083570	0,0000405533533	4815381460000000	0,000987362632	608,281465	4815381460000000	0,712783833	0,528697662	0,0125366422	-0,00000000000000913706516	9251455740
0,00195780000	0,659252121	0,0000421600304	4662549030000000	0,000994929247	614,209447	4662549030000000	0,711773304	0,508024427	0,0130865502	-0,00000000000000922066136	9248611750
0,00199100000	0,639404095	0,0000428747060	4517246420000000	0,00100257988	619,443180	4517246420000000	0,710785567	0,488436578	0,0136075870	-0,00000000000000929556748	9245907290
0,00202420000	0,619280401	0,0000440955827	4370239260000000	0,00100767364	627,401360	4370239260000000	0,709757745	0,470152444	0,0140939450	-0,00000000000000925403028	9243170850
0,00205740000	0,599797730	0,0000436364374	4228215530000000	0,00101479745	632,942133	4228215530000000	0,708735779	0,451680282	0,0145853045	-0,00000000000000917841085	9240527250
0,00209060000	0,582198387	0,0000422034199	4100175000000000	0,00102384188	635,469108	4100175000000000	0,707788446	0,434133082	0,0150520600	-0,00000000000000915102914	9238144260
0,00212380000	0,564868752	0,0000456655582	3974332350000000	0,00102790050	642,611398	3974332350000000	0,706831848	0,419147118	0,0154506867	-0,00000000000000901517488	9235802740
0,00215700000	0,547784778	0,0000400647101	3850502470000000	0,00103305933	648,537139	3850502470000000	0,705864314	0,404059687	0,0158520123	-0,00000000000000893888319	9233499480
0,00219020000	0,531177838	0,0000387086058	3730347990000000	0,00104007811	652,431821	3730347990000000	0,704899053	0,388809413	0,0162576696	-0,00000000000000896898366	9231265570
0,00222340000	0,515191590	0,0000408439705	3614887040000000	0,00104813479	655,027061	3614887040000000	0,703945408	0,373878916	0,0166548208	-0,00000000000000915065544	9229120080
0,00225660000	0,499960265	0,0000378221848	3505063440000000	0,00105512989	658,169261	3505063440000000	0,703013106	0,360116763	0,0170208941	-0,00000000000000931037926	9227080610
0,00228980000	0,485146170	0,0000359139547	3398421270000000	0,00105908670	663,792868	3398421270000000	0,702082820	0,347855663	0,0173470394	-0,00000000000000943934434	9225101600
0,00232300000	0,470625098	0,0000364829102	3294054050000000	0,00106280641	669,430000	3294054050000000	0,701147053	0,335992773	0,0176625922	-0,0000000000000100920308	9223166310
0,00235620000	0,457129620	0,0000394600275	3197204990000000	0,00106890273	672,337378	3197204990000000	0,700254905	0,324254251	0,0179748369	-0,0000000000000103856086	9221371950
0,00238940000	0,444032305	0,0000372898473	3103348620000000	0,00107693551	673,355383	3103348620000000	0,699367146	0,312387931	0,0182904810	-0,0000000000000105067671	9219634570
0,00242260000	0,431067843	0,0000394884292	3010575500000000	0,00108021036	678,423058	3010575500000000	0,698465857	0,302130498	0,0185633287	-0,0000000000000107848648	9217918890
0,00245580000	0,418876541	0,0000400029707	2923454160000000	0,00108449937	682,145462	2923454160000000	0,697596662	0,292227018	0,0188267613	-0,0000000000000111080696	9216309360
0,00248900000	0,406859345	0,0000373112444	2837689950000000	0,00108949706	685,166419	2837689950000000	0,696718126	0,282352904	0,0190894128	-0,0000000000000111705236	9214726570
0,00252220000	0,395144356	0,0000357109949	2754190430000000	0,00109254850	689,645229	2754190430000000	0,695839674	0,273279227	0,0193307725	-0,0000000000000110103441	9213187310
0,00255540000	0,384063989	0,0000362435740	2675312230000000	0,00109379131	695,242575	2675312230000000	0,694987644	0,265151072	0,0195469815	-0,0000000000000107612995	9211734910
0,00258860000	0,373006421	0,0000426940311	2596691300000000	0,00109262832	702,816760	2596691300000000	0,694115650	0,257632858	0,0197469660	-0,0000000000000107977599	9210288980
0,00262180000	0,362347859	0,0000402409319	2520997130000000	0,00109723716	705,314070	2520997130000000	0,693253386	0,249072181	0,0199746800	-0,0000000000000110177870	9208898620
0,00265500000	0,351970766	0,0000335271141	2447386520000000	0,00110129085	708,113678	2447386520000000	0,692392184	0,240909493	0,0201918075	-0,0000000000000109674188	9207548280
0,00268820000	0,341647469	0,0000391576861	2374240380000000	0,00109891981	716,175867	2374240380000000	0,691512932	0,234213576	0,0203699189	-0,0000000000000107015759	9206208260
0,00272140000	0,331999295	0,0000443929650	2305952540000000	0,00109990522	721,047202	2305952540000000	0,690669678	0,227273333	0,0205545293	-0,0000000000000107070226	9204958950
0,00275460000	0,322494450	0,0000399941084	2238749710000000	0,00110751268	720,388052	2238749710000000	0,689817429	0,219134227	0,0207710296	-0,0000000000000109246385	9203731180
0,00278780000	0,313529893	0,0000392825662	2175431070000000	0,00111311810	721,094853	2175431070000000	0,688992914	0,211864145	0,0209644137	-0,0000000000000110785048	9202576000
0,00282100000	0,304889381	0,0000406864604	2114460170000000	0,00111333688	725,968783	2114460170000000	0,688178075	0,205885752	0,0211234390	-0,0000000000000112785548	9201465200
0,00285420000	0,296010433	0,0000419150391	2051867030000000	0,00111637821	728,698127	2051867030000000	0,687318970	0,199246747	0,0213000365	-0,0000000000000117811262	9200326500
0,00288740000	0,287946311	0,0000388848610	1995071010000000	0,00112695394	724,981531	1995071010000000	0,686518472	0,191913520	0,0214951004	-0,0000000000000126224692	9199294780
0,00292060000	0,280216366	0,0000377028165	1940675890000000	0,00113369673	724,188619	1940675890000000	0,685732029	0,185570738	0,0216638184	-0,0000000000000130838770	9198308070
0,00295380000	0,272822852	0,0000370498905	1888691510000000	0,00113632569	726,427909	1888691510000000	0,684961338	0,180182075	0,0218071568	-0,0000000000000134169795	9197366420
0,00298700000	0,265143532	0,0000386581657	1834742420000000	0,00113071976	735,226674	1834742420000000	0,684140656	0,175903103	0,0219209775	-0,0000000000000137238494	9196390610
0,00302020000	0,257466321	0,0000418258100	1780853780000000	0,00112905543	740,955021	1780853780000000	0,683298442	0,170988294	0,0220517114	-0,0000000000000145023912	9195417400
0,00305340000	0,250751161	0,0000394319203	1733755470000000	0,00113723622	738,445925	1733755470000000	0,682542910	0,165268673	0,0222038533	-0,0000000000000158578344	9194568080
0,00308660000	0,243975296	0,0000373285963	1686266760000000	0,00114002422	740,185139	1686266760000000	0,681761700	0,160348750	0,0223347232	-0,0000000000000169977256	9193712970
0,00311980000	0,237369025	0,0000400773697	1640000860000000	0,00113466399	748,114121	1640000860000000	0,680980810	0,156685996	0,0224321525	-0,0000000000000178746684	9192881110
0,00315300000	0,230438467	0,0000410026303	1591500160000000	0,00112954334	756,072904	1591500160000000	0,680140003	0,152741540	0,0225370750	-0,0000000000000189798053	9192010420
0,00318620000	0,223917687	0,0000415385330	1545901060000000	0,00113048117	759,060605	1545901060000000	0,679327550	0,148242163	0,0226567585	-0,0000000000000199915326	9191193110
0,00321940000	0,217882667	0,0000397335057	1503728140000000	0,00113061322	762,396222	1503728140000000	0,678556091	0,144181205	0,0227647800	-0,0000000000000203857316	9190438360
0,00325260000	0,212054131	0,0000388860793	1463024880000000	0,00112660016	768,862723	1463024880000000	0,677792196	0,140778159	0,0228553010	-0,0000000000000204281324	9189710990
0,00328580000	0,206449147	0,0000375971234	1423907550000000	0,00112570453	772,752769	1423907550000000	0,677039182	0,137123144	0,0229525244	-0,0000000000000202789011	9189012980
0,00331900000	0,200676774	0,0000382800564	1383647420000000	0,00112805992	774,171879	1383647420000000	0,676243749	0,132967850	0,0230630552	-0,0000000000000207073848	9188295650
0,00335220000	0,195179877	0,0000363513206	1345332570000000	0,00113751867	769,913686	1345332570000000	0,675466413	0,128210768	0,0231895936	-0,0000000000000215106238	9187614020
0,00338540000	0,189616464	0,0000386746271	1306577870000000	0,00113805700	772,644078	1306577870000000	0,674658796	0,124458529	0,0232894031	-0,0000000000000221514369	9186925610
0,00341860000	0,184388388	0,0000399838593	1270180940000000	0,00113538586	777,663817	1270180940000000	0,673879613	0,121276175	0,0233740537	-0,0000000000000224557415	9186280070
0,00345180000	0,179217502	0,0000422282351	1234202930000000	0,00112661570	787,436457	1234202930000000	0,673088533	0,118758350	0,0234410279	-0,0000000000000234493447	9185642920
0,00348500000	0,174293633	0,0000402458485	1199962840000000	0,00112659285	790,228018	1199962840000000	0,672315282	0,115466017	0,0235286039	-0,0000000000000251673787	9185037460
0,00351820000	0,169696324	0,0000394587072	1168010520000000	0,00112895449	790,957782	1168010520000000	0,671574740	0,112156307	0,0236166422	-0,0000000000000266730505	9184473250
0,00355140000	0,165129178	0,0000407085731	1136284010000000	0,00112735598	794,780512	1136284010000000	0,670820302	0,109264531	0,0236935635	-0,0000000000000272899358	9183913830
0,00358460000	0,160981268	0,0000397235241	1107483770000000	0,00112861165	796,122355	1107483770000000	0,670118042	0,106376629	0,0237703817	-0,0000000000000276206519	9183406700
0,00361780000	0,156438355	0,0000374294723	1075956150000000	0,00112972663	797,795780	1075956150000000	0,669329222	0,103246321	0,0238536479	-0,0000000000000282389156	9182852320
0,00365100000	0,152195411	0,0000390733855	1046524700000000	0,00112850989	801,127424	1046524700000000	0,668572868	0,100530419	0,0239258909	-0,0000000000000291937110	9182335540
0,00368420000	0,147949322	0,0000378467040	1017085360000000	0,00112814470	803,791032	1017085360000000	0,667795887	0,0977340684	0,0240002738	-0,0000000000000295761537	9181819360
0,00371740000	0,143980921	0,0000404552085	989583907000000	0,00112399254	809,284846	989583907000000	0,667050543	0,0954426690	0,0240612250	-0,0000000000000293853847	9181337820
0,00375060000	0,139790373	0,0000405148354	960556151000000	0,00111951293	815,186306	960556151000000	0,666242194	0,0930137220	0,0241258350	-0,0000000000000286979751	9180830270
0,00378380000	0,135818717	0,0000442304373	933057168000000	0,00111178650	823,611240	933057168000000	0,665454710	0,0909788071	0,0241799637	-0,0000000000000275217777	9180350140
0,00381700000	0,132101766	0,0000422191184	907332750000000	0,00111192054	825,576240	907332750000000	0,664697790	0,0884598528	0,0242469679	-0,0000000000000278448346	9179901610
0,00385020000	0,128516171	0,0000410195351	882527539000000	0,00110545297	832,836655	882527539000000	0,663948299	0,0865448794	0,0242979062	-0,0000000000000280209371	9179469680
0,00388340000	0,125105855	0,0000419456164	858944113000000	0,00109917809	839,900479	858944113000000	0,663216854	0,0847130317	0,0243466334	-0,0000000000000299851011	9179059550
0,00391660000	0,121857996	0,0000446577252	836492487000000	0,00109994037	841,078054	836492487000000	0,662502473	0,0824415756	0,0244070541	-0,0000000000000298739591	9178669590
0,00394980000	0,118723630	0,0000453423619	814833132000000	0,00111130872	833,521681	814833132000000	0,661795716	0,0794853949	0,0244856885	-0,0000000000000304229189	9178293850
0,00398300000	0,115565353	0,0000443462535	793016209000000	0,00111944742	828,735775	793016209000000	0,661065408	0,0767947880	0,0245572586	-0,0000000000000303749357	9177915830
0,00401620000	0,112108491	0,0000452045128	769145536000000	0,00111608981	833,344263	769145536000000	0,660243970	0,0747072520	0,0246127871	-0,0000000000000298395971	9177502760
0,00404940000	0,108760249	0,0000448701390	746033714000000	0,00110783608	841,879348	746033714000000	0,659425015	0,0730022644	0,0246581398	-0,0000000000000300436932	9177103360
0,00408260000	0,105759800	0,0000435480386	725329943000000	0,00110179604	848,493428	725329943000000	0,658670440	0,0713654125	0,0247016800	-0,0000000000000317807333	9176746020
0,00411580000	0,103117246	0,0000412817854	707101487000000	0,00110473576	847,544651	707101487000000	0,657988748	0,0693867773	0,0247543117	-0,0000000000000365920883	9176431770
0,00414900000	0,100535784	0,0000379030242	689299641000000	0,00111045555	844,314085	689299641000000	0,657306499	0,0672915067	0,0248100459	-0,0000000000000408325396	9176125210
0,00418220000	0,0979051967	0,0000371368583	671164325000000	0,00111461019	842,416089	671164325000000	0,656593803	0,0652768568	0,0248636356	-0,0000000000000444072138	9175813230
0,00421540000	0,0953509796	0,0000397372183	653560614000000	0,00111409159	844,249573	653560614000000	0,655884028	0,0635943243	0,0249083910	-0,0000000000000489929344	9175510740
0,00424860000	0,0925091514	0,0000440973398	633980599000000	0,00110161187	855,992799	633980599000000	0,655072582	0,0623879539	0,0249404804	-0,0000000000000526561928	9175174660
0,00428180000	0,0901072339	0,0000453203142	617436401000000	0,00109302789	864,452388	617436401000000	0,654367868	0,0612370646	0,0249710941	-0,0000000000000548002415	9174891020
0,00431500000	0,0877617350	0,0000415660270	601285105000000	0,00108833008	869,700551	601285105000000	0,653662070	0,0598926036	0,0250068567	-0,0000000000000558198560	9174614390
0,00434820000	0,0854282821	0,0000378094906	585220971000000	0,00108736426	871,808728	585220971000000	0,652941662	0,0583442695	0,0250480424	-0,0000000000000576536667	9174339540
0,00438140000	0,0830022259	0,0000365949107	568523784000000	0,00109059723	870,425532	568523784000000	0,652172294	0,0565116032	0,0250967914	-0,0000000000000619399225	9174054160
0,00441460000	0,0805677246	0,0000376832682	551773040000000	0,00109140415	871,095056	551773040000000	0,651378151	0,0548060191	0,0251421599	-0,0000000000000657798970	9173768180
0,00444780000	0,0783506377	0,0000406838613	536522208000000	0,00108560918	877,212907	536522208000000	0,650634529	0,0535756659	0,0251748873	-0,0000000000000683416339	9173508080
0,00448100000	0,0761850015	0,0000425086359	521628955000000	0,00107396414	888,399166	521628955000000	0,649888284	0,0526532630	0,0251994232	-0,0000000000000650475888	9173254320
0,00451420000	0,0739666046	0,0000439819383	506376613000000	0,00105469302	906,639911	506376613000000	0,649102297	0,0520476288	0,0252155331	-0,0000000000000636959447	9172994720
0,00454740000	0,0720130371	0,0000433212891	492948221000000	0,00105600371	906,543831	492948221000000	0,648391026	0,0506045119	0,0252539200	-0,0000000000000589415493	9172766380
0,00458060000	0,0704139508	0,0000430541040	481958645000000	0,00106588035	898,653656	481958645000000	0,647794776	0,0490178998	0,0252961239	-0,0000000000000557464002	9172579660
0,00461380000	0,0684080651	0,0000418721132	468176165000000	0,00106406649	901,362528	468176165000000	0,647028016	0,0476973131	0,0253312515	-0,0000000000000548875762	9172345700
0,00464700000	0,0667317750	0,0000415571683	456660725000000	0,00106946511	897,545749	456660725000000	0,646370338	0,0462892796	0,0253687052	-0,0000000000000525035130	9172150390
0,00468020000	0,0647774602	0,0000438681641	443238102000000	0,00106514400	902,420120	443238102000000	0,645583034	0,0451109673	0,0254000483	-0,0000000000000531468064	9171922930
0,00471340000	0,0628162858	0,0000447273012	429771327000000	0,00105905448	908,903290	429771327000000	0,644769432	0,0439918793	0,0254298160	-0,0000000000000564512312	9171694930
0,00474660000	0,0613407850	0,0000447548769	419641478000000	0,00105154753	916,460425	419641478000000	0,644140875	0,0432616304	0,0254492406	-0,0000000000000601703145	9171523580
0,00477980000	0,0594681444	0,0000455880801	406787537000000	0,00103911124	928,877958	406787537000000	0,643321620	0,0424383976	0,0254711386	-0,0000000000000647948181	9171306320
0,00481300000	0,0578289644	0,0000438075797	395538307000000	0,00104348667	925,749646	395538307000000	0,642583625	0,0410917867	0,0255069585	-0,0000000000000719878834	9171116350
0,00484620000	0,0564190355	0,0000428415581	385864019000000	0,00104400935	926,050051	385864019000000	0,641932361	0,0400666724	0,0255342265	-0,0000000000000812431486	9170953110
0,00487940000	0,0548770543	0,0000422547130	375285404000000	0,00105258689	919,097922	375285404000000	0,641201688	0,0386506764	0,0255718920	-0,0000000000000887402344	9170774730
0,00491260000	0,0534431057	0,0000409791083	365449582000000	0,00105598974	916,830177	365449582000000	0,640504012	0,0375163996	0,0256020638	-0,0000000000000943366417	9170609000
0,00494580000	0,0520376731	0,0000431967773	355810898000000	0,00104329205	929,133685	355810898000000	0,639802256	0,0369714707	0,0256165589	-0,000000000000101553356	9170446710
0,00497900000	0,0507423246	0,0000409755612	346928536000000	0,00105684517	917,558911	346928536000000	0,639138882	0,0355862346	0,0256534062	-0,000000000000103730843	9170297260
0,00501220000	0,0494518319	0,0000397497361	338080758000000	0,00105415913	920,684546	338080758000000	0,638461336	0,0347670354	0,0256751969	-0,000000000000109179527	9170148490
0,00504540000	0,0479930431	0,0000401071878	328080668000000	0,00104468812	930,092663	328080668000000	0,637674299	0,0340445317	0,0256944155	-0,000000000000118274507	9169980460
0,00507860000	0,0468484737	0,0000383818279	320235719000000	0,00105392042	922,341542	320235719000000	0,637040231	0,0329393734	0,0257238127	-0,000000000000128433965	9169848740
0,00511180000	0,0455078112	0,0000413079867	311048022000000	0,00103397386	941,388668	311048022000000	0,636277963	0,0326115369	0,0257325331	-0,000000000000139321640	9169694570
0,00514500000	0,0443038334	0,0000441188325	302798220000000	0,00101163827	963,409206	302798220000000	0,635574432	0,0324475154	0,0257368961	-0,000000000000145740822	9169556220
0,00517820000	0,0430780723	0,0000429239381	294400304000000	0,00100230238	973,296116	294400304000000	0,634838662	0,0318414527	0,0257530174	-0,000000000000151238116	9169415490
0,00521140000	0,0419040410	0,0000419508762	286357885000000	0,000997701208	978,548424	286357885000000	0,634114443	0,0311144428	0,0257723558	-0,000000000000152700630	9169280800
0,00524460000	0,0408761662	0,0000411794465	279317548000000	0,000993129355	983,732745	279317548000000	0,633463855	0,0304891827	0,0257889877	-0,000000000000150693965	9169162950
0,00527780000	0,0397976210	0,0000386112955	271931025000000	0,00100133015	976,084705	271931025000000	0,632763705	0,0294397994	0,0258169013	-0,000000000000149067923	9169039390
0,00531100000	0,0387161820	0,0000387045588	264525583000000	0,00100468390	973,351341	264525583000000	0,632042720	0,0285424742	0,0258407702	-0,000000000000145348373	9168915580
0,00534420000	0,0376011885	0,0000390419282	256891312000000	0,000998740574	979,893587	256891312000000	0,631278351	0,0278836809	0,0258582941	-0,000000000000145889498	9168788020
0,00537740000	0,0365754105	0,0000410772897	249868739000000	0,000989339995	989,977272	249868739000000	0,630555211	0,0273791360	0,0258717150	-0,000000000000150989647	9168670750
0,00541060000	0,0354433033	0,0000396966749	242119168000000	0,000986611487	993,401754	242119168000000	0,629733595	0,0266033535	0,0258923508	-0,000000000000153290270	9168541410
0,00544380000	0,0344885395	0,0000398950589	235584327000000	0,000979419237	1001,37560	235584327000000	0,629020366	0,0260754099	0,0259063941	-0,000000000000158183139	9168432410
0,00547700000	0,0336704978	0,0000396166886	229985833000000	0,000981770894	999,384909	229985833000000	0,628393643	0,0253947717	0,0259244991	-0,000000000000169175388	9168339070
0,00551020000	0,0328354548	0,0000414004433	224271519000000	0,000969825230	1012,39554	224271519000000	0,627738242	0,0250688278	0,0259331692	-0,000000000000186327740	9168243850
0,00554340000	0,0319279615	0,0000396074323	218062027000000	0,000975031209	1007,39522	218062027000000	0,627007099	0,0242445935	0,0259550938	-0,000000000000196673740	9168140420
0,00557660000	0,0311809737	0,0000403727359	212951265000000	0,000980073199	1002,53491	212951265000000	0,626389743	0,0235545651	0,0259734486	-0,000000000000210297016	9168055340
0,00560980000	0,0303167708	0,0000407340798	207039072000000	0,000977960431	1005,22061	207039072000000	0,625657061	0,0229500909	0,0259895276	-0,000000000000219630872	9167956950
0,00564300000	0,0296165595	0,0000407508058	202249204000000	0,000974795825	1008,93042	202249204000000	0,625048152	0,0224919205	0,0260017149	-0,000000000000225004457	9167877280
0,00567620000	0,0287903141	0,0000403694647	196597671000000	0,000973357780	1010,90667	196597671000000	0,624311112	0,0218957207	0,0260175738	-0,000000000000226722939	9167783310
0,00570940000	0,0279592226	0,0000389566940	190913523000000	0,000977948372	1006,54765	190913523000000	0,623548390	0,0211628495	0,0260370682	-0,000000000000213500032	9167688850
0,00574260000	0,0272375919	0,0000399728254	185978450000000	0,000961506653	1024,43591	185978450000000	0,622867751	0,0209683236	0,0260422426	-0,000000000000197941487	9167606870
0,00577580000	0,0265735408	0,0000409687241	181437505000000	0,000943811725	1044,30560	181437505000000	0,622225504	0,0208398735	0,0260456594	-0,000000000000179515616	9167531460
0,00580900000	0,0257888791	0,0000399127116	176072234000000	0,000932169983	1057,97627	176072234000000	0,621445856	0,0204761896	0,0260553334	-0,000000000000173752567	9167442410
0,00584220000	0,0252525555	0,0000402542473	172405294000000	0,000919619320	1072,91675	172405294000000	0,620899357	0,0203233778	0,0260593981	-0,000000000000175809459	9167381570
0,00587540000	0,0246746100	0,0000404397172	168454026000000	0,000922964992	1069,29810	168454026000000	0,620297457	0,0197856147	0,0260737026	-0,000000000000184322593	9167316030
0,00590860000	0,0240559934	0,0000413919918	164224985000000	0,000925332444	1066,87209	164224985000000	0,619637559	0,0192395461	0,0260882281	-0,000000000000207701543	9167245910
0,00594180000	0,0233360223	0,0000425318154	159303427000000	0,000916456928	1077,74109	159303427000000	0,618848081	0,0188437112	0,0260987573	-0,000000000000238349099	9167164330
0,00597500000	0,0226931722	0,0000417726237	154909388000000	0,000929571511	1062,70677	154909388000000	0,618122539	0,0180654304	0,0261194596	-0,000000000000274538033	9167091530
0,00600820000	0,0219981370	0,0000434453226	150159009000000	0,000923626233	1070,02077	150159009000000	0,617314858	0,0176241636	0,0261311972	-0,000000000000323581795	9167012850
0,00604140000	0,0213583113	0,0000432357426	145786302000000	0,000917119797	1078,06053	145786302000000	0,616548689	0,0172323312	0,0261416200	-0,000000000000396821157	9166940460
0,00607460000	0,0208925477	0,0000426891796	142603371000000	0,000913777910	1082,30951	142603371000000	0,615976527	0,0169177466	0,0261499879	-0,000000000000438402367	9166887780
0,00610780000	0,0204605471	0,0000418602968	139651319000000	0,000918646661	1076,75194	139651319000000	0,615434436	0,0164797235	0,0261616394	-0,000000000000471923755	9166838940
0,00614100000	0,0200371095	0,0000408542735	136757921000000	0,000926434806	1067,83863	136757921000000	0,614891976	0,0160026169	0,0261743304	-0,000000000000497004892	9166791080
0,00617420000	0,0196842758	0,0000403471723	134347073000000	0,000935354655	1057,74323	134347073000000	0,614431221	0,0155705975	0,0261858221	-0,000000000000581154686	9166751210
0,00620740000	0,0193572806	0,0000399448313	132112861000000	0,000951023982	1040,31196	132112861000000	0,613996843	0,0150593771	0,0261994206	-0,000000000000637766063	9166714260
0,00624060000	0,0189297288	0,0000389477915	129191715000000	0,000953488412	1037,83454	129191715000000	0,613417786	0,0146883368	0,0262092902	-0,000000000000752293670	9166665970
0,00627380000	0,0184025460	0,0000386598307	125590057000000	0,000931405972	1062,99628	125590057000000	0,612685682	0,0146173828	0,0262111776	-0,000000000000887649450	9166606450
0,00630700000	0,0179197215	0,0000378799307	122291639000000	0,000921708293	1074,56427	122291639000000	0,611996703	0,0143832374	0,0262174059	-0,00000000000104216526	9166551960
0,00634020000	0,0173849515	0,0000385194100	118638563000000	0,000901019883	1099,77687	118638563000000	0,611211779	0,0142739735	0,0262203123	-0,00000000000117650590	9166491620
0,00637340000	0,0169444070	0,0000392904145	115629319000000	0,000873546514	1134,93042	115629319000000	0,610546954	0,0143494519	0,0262183046	-0,00000000000120110118	9166441930
0,00640660000	0,0165037951	0,0000396885123	112619764000000	0,000852359704	1163,63371	112619764000000	0,609864651	0,0143233658	0,0262189985	-0,00000000000128079806	9166392250
0,00643980000	0,0160808091	0,0000394594797	109730742000000	0,000838170753	1183,73305	109730742000000	0,609192421	0,0141921827	0,0262224879	-0,00000000000134742209	9166344570
0,00647300000	0,0156398939	0,0000400232229	106719409000000	0,000822104129	1207,29856	106719409000000	0,608472755	0,0140724580	0,0262256726	-0,00000000000147808478	9166294880
0,00650620000	0,0153593682	0,0000406626801	104803571000000	0,000823640456	1205,18808	104803571000000	0,608004319	0,0137940498	0,0262330783	-0,00000000000148149365	9166263280
0,00653940000	0,0150501637	0,0000414241834	102691943000000	0,000819173152	1211,98393	102691943000000	0,607478051	0,0135898305	0,0262385105	-0,00000000000145704710	9166228450
0,00657260000	0,0147001563	0,0000406775499	100301752000000	0,000815422603	1217,79664	100301752000000	0,606869224	0,0133345742	0,0262453003	-0,00000000000142255770	9166189040
0,00660580000	0,0143702453	0,0000405826747	98048884600000	0,000807092720	1230,64032	98048884600000	0,606282030	0,0131696007	0,0262496886	-0,00000000000136147652	9166151900
0,00663900000	0,0138460083	0,0000406085118	94469193100000	0,000784555730	1266,52878	94469193100000	0,605320842	0,0130532840	0,0262527826	-0,00000000000138217201	9166092900
0,00667220000	0,0135476589	0,0000405161793	92432043900000	0,000771130390	1288,88863	92432043900000	0,604757546	0,0129941572	0,0262543554	-0,00000000000137228099	9166059330
0,00670540000	0,0131818093	0,0000418954425	89934092500000	0,000748173779	1328,88634	89934092500000	0,604049738	0,0130309252	0,0262533774	-0,00000000000137068686	9166018170
0,00673860000	0,0128676910	0,0000425197317	87789434400000	0,000732606451	1357,46598	87789434400000	0,603426260	0,0129904708	0,0262544535	-0,00000000000139880305	9165982850
0,00677180000	0,0124596944	0,0000412906794	85003931500000	0,000724832481	1372,33734	85003931500000	0,602593471	0,0127131961	0,0262618290	-0,00000000000143682114	9165936970
0,00680500000	0,0121547655	0,0000400063033	82922183500000	0,000733942886	1355,38526	82922183500000	0,601953164	0,0122479060	0,0262742057	-0,00000000000149009054	9165902700
0,00683820000	0,0117134011	0,0000388716154	79909117500000	0,000736179758	1351,49621	79909117500000	0,600997493	0,0117670024	0,0262869977	-0,00000000000161297011	9165853100
0,00687140000	0,0114799288	0,0000391119862	78315331000000	0,000735834871	1352,26569	78315331000000	0,600477380	0,0115377149	0,0262930968	-0,00000000000173492981	9165826870
0,00690460000	0,0112579313	0,0000400849456	76799915900000	0,000732734250	1358,14276	76799915900000	0,599972979	0,0113623361	0,0262977619	-0,00000000000181596529	9165801930
0,00693780000	0,0109376766	0,0000393636458	74613837200000	0,000746983288	1332,29192	74613837200000	0,599227619	0,0108283396	0,0263119662	-0,00000000000186442858	9165765970
0,00697100000	0,0106991989	0,0000395610412	72986024200000	0,000749515028	1327,90586	72986024200000	0,598658346	0,0105563247	0,0263192018	-0,00000000000182723170	9165739190
0,00700420000	0,0103833938	0,0000406497602	70830454000000	0,000730879669	1362,10418	70830454000000	0,597884740	0,0105057612	0,0263205468	-0,00000000000187384896	9165703740
0,00703740000	0,0102104593	0,0000409783664	69650099400000	0,000729483376	1364,82174	69650099400000	0,597451134	0,0103504617	0,0263246777	-0,00000000000190323773	9165684320
0,00707060000	0,00997505724	0,0000417394773	68043412000000	0,000703360142	1415,86975	68043412000000	0,596849005	0,0104872521	0,0263210391	-0,00000000000200113950	9165657910
0,00710380000	0,00982388536	0,0000426307985	67011642700000	0,000680540596	1463,62940	67011642700000	0,596454823	0,0106745508	0,0263160569	-0,00000000000212788268	9165640940
0,00713700000	0,00969051049	0,0000418232623	66101355300000	0,000684132714	1455,99026	66101355300000	0,596102001	0,0104742609	0,0263213847	-0,00000000000212788268	9165625980
0,00717020000	0,00940371321	0,0000421676962	64144001500000	0,000674969621	1475,99772	64144001500000	0,595326662	0,0103020867	0,0263259645	-0,00000000000227226254	9165593800
0,00720340000	0,00912876785	0,0000417631762	62267595100000	0,000664382623	1499,76367	62267595100000	0,594560938	0,0101600819	0,0263297418	-0,00000000000242504283	9165562960
0,00723660000	0,00892270055	0,0000409878963	60861295600000	0,000661855771	1505,62811	60861295600000	0,593971832	0,00996853214	0,0263348370	-0,00000000000256808300	9165539860
0,00726980000	0,00863239536	0,0000405431685	58880173000000	0,000652269362	1528,00025	58880173000000	0,593118501	0,00978578068	0,0263396982	-0,00000000000299620354	9165507310
0,00730300000	0,00830578218	0,0000402728865	56651352300000	0,000628464681	1586,25798	56651352300000	0,592123593	0,00977198485	0,0263400652	-0,00000000000315750871	9165470690
0,00733620000	0,00817121592	0,0000414260825	55733090900000	0,000615626090	1619,51853	55733090900000	0,591702302	0,00981407772	0,0263389455	-0,00000000000313160977	9165455610
0,00736940000	0,00796401247	0,0000415246814	54319190800000	0,000620012259	1608,14629	54319190800000	0,591039895	0,00949743643	0,0263473682	-0,00000000000315523422	9165432390
0,00740260000	0,00777243859	0,0000418488314	53011972100000	0,000625070184	1595,20543	53011972100000	0,590411999	0,00919387421	0,0263554429	-0,00000000000318183477	9165410920
0,00743580000	0,00764865477	0,0000425966666	52167339000000	0,000628150368	1587,43178	52167339000000	0,589998034	0,00900302478	0,0263605195	-0,00000000000322674975	9165397050
0,00746900000	0,00751111643	0,0000413829585	51228866300000	0,000649611108	1534,91797	51228866300000	0,589530169	0,00854898752	0,0263725969	-0,00000000000332712563	9165381650
0,00750220000	0,00734416889	0,0000417993935	50089744000000	0,000634879178	1570,73440	50089744000000	0,588950656	0,00855285498	0,0263724941	-0,00000000000343657446	9165362950
0,00753540000	0,00719214986	0,0000421795247	49052501000000	0,000614918911	1621,94982	49052501000000	0,588411429	0,00864762177	0,0263699733	-0,00000000000343479029	9165345920
0,00756860000	0,00710718000	0,0000419502986	48472749800000	0,000617285785	1615,76330	48472749800000	0,588105062	0,00851264970	0,0263735635	-0,00000000000329798617	9165336400
0,00760180000	0,00705095291	0,0000415735226	48089114300000	0,000619339793	1610,42309	48089114300000	0,587900316	0,00841726836	0,0263761007	-0,00000000000316227402	9165330110
0,00763500000	0,00689182484	0,0000409841565	47003401900000	0,000614136208	1624,19560	47003401900000	0,587311923	0,00829694037	0,0263793014	-0,00000000000315044414	9165312290
0,00766820000	0,00673189956	0,0000408688094	45912269900000	0,000606539995	1644,68053	45912269900000	0,586706779	0,00820583352	0,0263817248	-0,00000000000325249301	9165294380
0,00770140000	0,00647833586	0,0000403322091	44182305800000	0,000587513355	1698,22010	44182305800000	0,585717305	0,00815237249	0,0263831469	-0,00000000000368234344	9165265990
0,00773460000	0,00634358255	0,0000395065843	43262957700000	0,000574756057	1736,07762	43262957700000	0,585175632	0,00815992245	0,0263829461	-0,00000000000419607037	9165250910
0,00776780000	0,00618437610	0,0000396808633	42176797400000	0,000552170128	1807,33720	42176797400000	0,584520684	0,00828045253	0,0263797400	-0,00000000000492360581	9165233090
0,00780100000	0,00607567804	0,0000395238409	41435233700000	0,000544011430	1834,56077	41435233700000	0,584063789	0,00825686431	0,0263803674	-0,00000000000575223496	9165220920
0,00783420000	0,00596881278	0,0000396363932	40706182500000	0,000543137393	1837,58077	40706182500000	0,583606582	0,00812463861	0,0263838846	-0,00000000000596789721	9165208970
0,00786740000	0,00584682468	0,0000392287729	39873971800000	0,000555346820	1797,17327	39873971800000	0,583074589	0,00778356556	0,0263929572	-0,00000000000709466428	9165195320
0,00790060000	0,00563609538	0,0000394559704	38436389900000	0,000548691991	1819,13507	38436389900000	0,582128971	0,00759394329	0,0263980011	-0,00000000000739520551	9165171740
0,00793380000	0,00550002530	0,0000401864501	37508146700000	0,000538989581	1852,02139	37508146700000	0,581499452	0,00754394678	0,0263993310	-0,00000000000921454747	9165156520
0,00796700000	0,00539742640	0,0000400970359	36808246700000	0,000543122140	1837,96404	36808246700000	0,581014426	0,00734684714	0,0264045739	-0,0000000000101576523	9165145040
0,00800020000	0,00528846976	0,0000395350136	36064984900000	0,000544420632	1833,63594	36064984900000	0,580489172	0,00718132463	0,0264089768	-0,0000000000126533231	9165132850
0,00803340000	0,00522286229	0,0000407129475	35617439400000	0,000532194212	1875,87236	35617439400000	0,580167662	0,00725514218	0,0264070132	-0,0000000000142361869	9165125510
0,00806660000	0,00516127518	0,0000404583243	35197322100000	0,000543341906	1837,35665	35197322100000	0,579862167	0,00702246852	0,0264132023	-0,0000000000152037604	9165118630
0,00809980000	0,00504993186	0,0000404233667	34437799600000	0,000551099025	1811,51563	34437799600000	0,579300516	0,00677421744	0,0264198058	-0,0000000000152037604	9165106170
0,00813300000	0,00500718411	0,0000401765665	34146200700000	0,000564403617	1768,76631	34146200700000	0,579081594	0,00655852202	0,0264255433	-0,0000000000167204456	9165101390
0,00816620000	0,00496558995	0,0000395443639	33862472200000	0,000568622704	1755,64421	33862472200000	0,578866783	0,00645576697	0,0264282766	-0,0000000000177537802	9165096740
0,00819940000	0,00488543294	0,0000392587891	33315696600000	0,000551088728	1811,64538	33315696600000	0,578447706	0,00655361237	0,0264256739	-0,0000000000177537802	9165087780
0,00823260000	0,00480978011	0,0000391121913	32799649900000	0,000535181478	1865,62471	32799649900000	0,578045836	0,00664387593	0,0264232729	-0,0000000000189723775	9165079320
0,00826580000	0,00475094468	0,0000393258467	32398321900000	0,000521163958	1915,91593	32398321900000	0,577728917	0,00673909413	0,0264207401	-0,0000000000218505307	9165072740
0,00829900000	0,00470382297	0,0000388575345	32076897400000	0,000503391270	1983,68777	32076897400000	0,577472258	0,00690780477	0,0264162524	-0,0000000000218505307	9165067470
0,00833220000	0,00469472176	0,0000390694000	32014816800000	0,000479034221	2084,70031	32014816800000	0,577422391	0,00724499120	0,0264072832	-0,0000000000218505307	9165066460
0,00836540000	0,00451539433	0,0000392567290	30791613500000	0,000452795224	2205,77535	30791613500000	0,576419637	0,00737197731	0,0264039054	-0,0000000000254829963	9165046410
0,00839860000	0,00438809989	0,0000396077814	29923345400000	0,000432057158	2311,85448	29923345400000	0,575683423	0,00750796642	0,0264002881	-0,0000000000281799742	9165032180
0,00843180000	0,00428085707	0,0000393490738	29191858000000	0,000413031322	2418,53253	29191858000000	0,575046444	0,00766182327	0,0263961955	-0,0000000000297497528	9165020190
0,00846500000	0,00414757590	0,0000402291231	28282779100000	0,000381106220	2621,42706	28282779100000	0,574232238	0,00804506255	0,0263860013	-0,0000000000320650207	9165005290
0,00849820000	0,00390204783	0,0000403978455	26608127000000	0,000346826666	2880,91528	26608127000000	0,572661526	0,00831677982	0,0263787737	-0,0000000000344054882	9164977850
0,00853140000	0,00375639667	0,0000401192570	25614718700000	0,000330880507	3019,95526	25614718700000	0,571682438	0,00839212199	0,0263767696	-0,0000000000348163846	9164961580
0,00856460000	0,00367805518	0,0000404256996	25080400200000	0,000322607827	3097,50102	25080400200000	0,571140024	0,00842777518	0,0263758212	-0,0000000000345716212	9164952830
0,00859780000	0,00350973694	0,0000405217976	23932422300000	0,000309538316	3228,47908	23932422300000	0,569934539	0,00838157475	0,0263770501	-0,0000000000341844822	9164934020
0,00863100000	0,00335948637	0,0000405507776	22907689600000	0,000295748163	3379,20495	22907689600000	0,568808662	0,00839677690	0,0263766457	-0,0000000000337105168	9164917240
0,00866420000	0,00313424133	0,0000405079198	21371515100000	0,000280502672	3563,11117	21371515100000	0,567022959	0,00825946067	0,0263802983	-0,0000000000325137149	9164892080
0,00869740000	0,00305573158	0,0000405812850	20836086700000	0,000280511450	3563,04603	20836086700000	0,566370279	0,00805228138	0,0263858093	-0,0000000000328423276	9164883310
0,00873060000	0,00283681039	0,0000407419217	19343091800000	0,000262162407	3812,68821	19343091800000	0,564457803	0,00799850566	0,0263872397	-0,0000000000332503501	9164858860
0,00876380000	0,00275181565	0,0000406357993	18763456000000	0,000257486142	3882,01335	18763456000000	0,563675274	0,00789973191	0,0263898671	-0,0000000000357750205	9164849370
0,00879700000	0,00265978683	0,0000413582462	18135856500000	0,000247359535	4041,06224	18135856500000	0,562800289	0,00794809033	0,0263885808	-0,0000000000387342848	9164839090
0,00883020000	0,00249981993	0,0000409281426	17044962100000	0,000237071569	4216,59444	17044962100000	0,561204824	0,00779417131	0,0263926750	-0,0000000000423873704	9164821230
0,00886340000	0,00241126659	0,0000409329352	16441081100000	0,000232876953	4292,62489	16441081100000	0,560277177	0,00765344985	0,0263964182	-0,0000000000448449907	9164811350
0,00889660000	0,00232236349	0,0000404734066	15834820900000	0,000230487645	4337,19205	15834820900000	0,559310984	0,00744764362	0,0264018927	-0,0000000000479696482	9164801420
0,00892980000	0,00226028251	0,0000401900712	15411473400000	0,000231437798	4319,41714	15411473400000	0,558614128	0,00721877081	0,0264079807	-0,0000000000487699588	9164794490
0,00896300000	0,00216010080	0,0000404501953	14728312700000	0,000221106340	4521,37227	14728312700000	0,557448232	0,00722113030	0,0264079179	-0,0000000000499537137	9164783310
0,00899620000	0,00198344530	0,0000404420027	13523679600000	0,000205393474	4867,47127	13523679600000	0,555254182	0,00713775459	0,0264101357	-0,0000000000534355326	9164763590
0,00902940000	0,00188331003	0,0000405556381	12840856900000	0,000198427958	5038,43994	12840856900000	0,553922083	0,00701527217	0,0264133938	-0,0000000000550821119	9164752410
0,00906260000	0,00181928261	0,0000406268760	12404257900000	0,000193865072	5157,09274	12404257900000	0,553032706	0,00693624772	0,0264154958	-0,0000000000588632468	9164745270
0,00909580000	0,00173222273	0,0000407592215	11810606900000	0,000187385372	5335,51425	11810606900000	0,551771870	0,00683266153	0,0264182512	-0,0000000000609299945	9164735550
0,00912900000	0,00170634689	0,0000411419763	11634163700000	0,000188820692	5294,96372	11634163700000	0,551384898	0,00667942328	0,0264223273	-0,0000000000609072627	9164732660
0,00916220000	0,00158509542	0,0000411496884	10807376500000	0,000181621427	5504,96544	10807376500000	0,549489780	0,00645069605	0,0264284115	-0,0000000000631285408	9164719130
0,00919540000	0,00153569058	0,0000406556554	10470499000000	0,000181305501	5514,58947	10470499000000	0,548675707	0,00626051094	0,0264334704	-0,0000000000638310836	9164713620
0,00922860000	0,00147166172	0,0000409953822	10033907200000	0,000174357515	5734,41792	10033907200000	0,547580828	0,00623853753	0,0264340549	-0,000000000149459352	9164706470
0,00926180000	0,00144513311	0,0000413068623	9853018290000	0,000173115108	5775,59521	9853018290000	0,547113178	0,00617003602	0,0264358770	-0,000000000164055048	9164703510
0,00929500000	0,00143942646	0,0000414087843	9814106810000	0,000175222674	5706,11928	9814106810000	0,547011460	0,00607174967	0,0264384915	-0,000000000164055048	9164702880
0,00932820000	0,00148172781	0,0000418260922	10102544400000	0,000182644152	5474,19708	10102544400000	0,547756073	0,00599623130	0,0264405002	-0,000000000149459352	9164707600
0,00936140000	0,00138953443	0,0000420677072	9473912870000	0,000174150546	5741,28384	9473912870000	0,546104601	0,00589736388	0,0264431301	-0,000000000182672179	9164697310
0,00939460000	0,00133159412	0,0000418888811	9078843320000	0,000170165531	5875,79154	9078843320000	0,545009695	0,00578378722	0,0264461513	-0,000000000203608091	9164690850
0,00942780000	0,00128919388	0,0000421452416	8789736290000	0,000165491653	6041,78736	8789736290000	0,544177848	0,00575775434	0,0264468437	-0,000000000233361855	9164686110
0,00946100000	0,00128680512	0,0000425746283	8773448510000	0,000163873774	6101,44570	8773448510000	0,544130173	0,00580382430	0,0264456183	-0,000000000233361855	9164685850
0,00949420000	0,00128600924	0,0000420983649	8768021850000	0,000164596143	6074,66498	8768021850000	0,544114270	0,00577477874	0,0264463909	-0,000000000233361855	9164685760
0,00952740000	0,00126603311	0,0000417014378	8631814670000	0,000163492292	6115,69692	8631814670000	0,543711836	0,00572345410	0,0264477561	-0,000000000233361855	9164683530
0,00956060000	0,00124299719	0,0000425909613	8474744710000	0,000160427938	6232,54291	8474744710000	0,543239807	0,00572664159	0,0264476713	-0,000000000233361855	9164680960
0,00959380000	0,00124265453	0,0000420601205	8472408310000	0,000165457869	6043,04950	8472408310000	0,543232720	0,00555102049	0,0264523429	-0,000000000233361855	9164680920
0,00962700000	0,00120994571	0,0000419990444	8249384600000	0,000162460887	6154,56252	8249384600000	0,542547050	0,00550460439	0,0264535775	-0,000000000256865344	9164677270
0,00966020000	0,00121813133	0,0000420397922	8305197830000	0,000161599340	6187,37389	8305197830000	0,542720366	0,00557139280	0,0264518010	-0,000000000256865344	9164678180
0,00969340000	0,00121619399	0,0000412496085	8291988130000	0,000161890717	6176,23744	8291988130000	0,542679451	0,00555251968	0,0264523030	-0,000000000256865344	9164677970
0,00972660000	0,00116974203	0,0000408224461	7975258610000	0,000157365414	6353,89578	7975258610000	0,541678428	0,00549400265	0,0264538595	-0,000000000279887380	9164672780
0,00975980000	0,00117319336	0,0000410035807	7998791220000	0,000158366332	6313,73069	7998791220000	0,541754158	0,00547538781	0,0264543547	-0,000000000279887380	9164673170
0,00979300000	0,00117712422	0,0000409210440	8025593470000	0,000160026252	6248,22952	8025593470000	0,541840138	0,00543674925	0,0264553825	-0,000000000279887380	9164673610
0,00982620000	0,00116669738	0,0000404123021	7954498930000	0,000160869021	6215,49844	7954498930000	0,541611436	0,00536035792	0,0264574145	-0,000000000279887380	9164672450
0,00985940000	0,00111299430	0,0000401492000	7588330340000	0,000154194101	6484,62639	7588330340000	0,540400178	0,00533496837	0,0264580898	-0,000000000328078370	9164666450
0,00989260000	0,00106660390	0,0000398766425	7272024210000	0,000148790516	6720,18087	7272024210000	0,539305870	0,00529826220	0,0264590662	-0,000000000481560914	9164661280
0,00992580000	0,00107484390	0,0000391525890	7328207310000	0,000152676020	6549,13439	7328207310000	0,539503676	0,00520331714	0,0264615918	-0,000000000424097771	9164662200
0,00995900000	0,00108407739	0,0000392805482	7391164450000	0,000153513995	6513,37577	7391164450000	0,539723539	0,00521937225	0,0264611647	-0,000000000424097771	9164663230
0,00999220000	0,00106973971	0,0000399779069	7293405210000	0,000148985930	6711,36365	7293405210000	0,539381326	0,00530687020	0,0264588373	-0,000000000424097771	9164661630
0,0100254000	0,00107196432	0,0000391672390	7308573380000	0,000152213195	6569,05178	7308573380000	0,539434723	0,00520515529	0,0264615429	-0,000000000424097771	9164661870
0,0100586000	0,00106845629	0,0000383628298	7284654470000	0,0000475349791	21036,4610	7284654470000	0,539350470	0,0166130369	0,0261580932	-0,000000000481560914	9164661480
