Time_(s)	Photoconductance_Signal_(V)	Reference_Voltage_(V)	Apparent_Carrier_Density_(cm-3)	Tau_(s)	Inverse_Tau_Auger_Corrected_(s-1)	Minority_Carrier_Density_(cm-3)	Implied_Voc_(V)	Implied_Suns_(suns)	Photogeneration_(A/cm2)	Jo_(A/cm2)	ni_(cm-3)
0,000381000000	0,632919630	0,576586771	1962950030000000	0,00000653647729	152961,253	1962950030000000	0,643475571	72,3446388	-1,89776739	-0,00000000000467007359	8634304470
0,000429800000	0,617912937	0,565372751	1915140660000000	0,00000650376727	153731,475	1915140660000000	0,642427601	70,9376099	-1,86034042	-0,00000000000470900729	8631399250
0,000478600000	0,601061279	0,552368757	1861524840000000	0,00000647051602	154522,489	1861524840000000	0,641224648	69,3059921	-1,81693939	-0,00000000000474082490	8628112450
0,000527400000	0,585731972	0,540012374	1812818240000000	0,00000644539798	155125,554	1812818240000000	0,640105207	67,7556303	-1,77569977	-0,00000000000474082490	8625099650
0,000576200000	0,570123934	0,526994942	1763290390000000	0,00000642416344	155639,179	1763290390000000	0,638939566	66,1223264	-1,73225388	-0,00000000000480872370	8622009090
0,000625000000	0,553434784	0,513233655	1710403890000000	0,00000639856721	156262,713	1710403890000000	0,637662876	64,3956907	-1,68632537	-0,00000000000489251888	8618678240
0,000673800000	0,536698647	0,499512144	1657443300000000	0,00000637076841	156945,491	1657443300000000	0,636349449	62,6740457	-1,64052962	-0,00000000000500229900	8615310120
0,000722600000	0,521028054	0,486560502	1607922610000000	0,00000634493941	157585,240	1607922610000000	0,635087892	61,0489965	-1,59730331	-0,00000000000508757852	8612130510
0,000771400000	0,506308823	0,473990130	1561468350000000	0,00000632503707	158081,875	1561468350000000	0,633873429	59,4717855	-1,55534949	-0,00000000000518882557	8609120550
0,000820200000	0,492060751	0,461769373	1516556560000000	0,00000630569084	158567,624	1516556560000000	0,632669178	57,9384408	-1,51456253	-0,00000000000531021401	8606184890
0,000869000000	0,477847409	0,449861607	1471808710000000	0,00000628161952	159176,007	1471808710000000	0,631438280	56,4443672	-1,47482017	-0,00000000000552497079	8603234310
0,000917800000	0,464665657	0,438372689	1430357330000000	0,00000626469949	159606,587	1430357330000000	0,630268924	55,0028468	-1,43647573	-0,00000000000575364193	8600477770
0,000966600000	0,451771507	0,427068743	1389855770000000	0,00000624843323	160022,730	1389855770000000	0,629097847	53,5845349	-1,39874863	-0,00000000000602225282	8597762250
0,00101540000	0,437971816	0,415880074	1346559680000000	0,00000621665380	160841,488	1346559680000000	0,627813098	52,1806869	-1,36140627	-0,00000000000632298787	8594834680
0,00106420000	0,425280029	0,404903882	1306785200000000	0,00000619657134	161363,391	1306785200000000	0,626601250	50,8034983	-1,32477306	-0,00000000000664402004	8592122280
0,00111300000	0,412460490	0,394229415	1266654770000000	0,00000616890987	162087,597	1266654770000000	0,625346145	49,4641675	-1,28914686	-0,00000000000700272382	8589362880
0,00116180000	0,400029401	0,383749865	1227783070000000	0,00000614288793	162774,839	1227783070000000	0,624097603	48,1492930	-1,25417119	-0,00000000000733708221	8586667830
0,00121060000	0,387771919	0,373580809	1189495480000000	0,00000611332420	163562,625	1189495480000000	0,622834442	46,8733762	-1,22023181	-0,00000000000771146349	8583991530
0,00125940000	0,376535801	0,363668866	1154434290000000	0,00000609483965	164059,217	1154434290000000	0,621647007	45,6297197	-1,18715054	-0,00000000000809033182	8581521460
0,00130820000	0,365108500	0,354052047	1118811960000000	0,00000606721214	164806,833	1118811960000000	0,620408774	44,4230925	-1,15505426	-0,00000000000847862786	8578992650
0,00135700000	0,353944934	0,344764319	1084046350000000	0,00000603704935	165630,802	1084046350000000	0,619167657	43,2577564	-1,12405632	-0,00000000000887911937	8576505680
0,00140580000	0,343346435	0,335665601	1051072140000000	0,00000601208174	166319,158	1051072140000000	0,617958956	42,1161356	-1,09368921	-0,00000000000930332670	8574129260
0,00145460000	0,333409026	0,326866305	1020182800000000	0,00000599248602	166863,491	1020182800000000	0,616797242	41,0120835	-1,06432142	-0,00000000000973145476	8571887310
0,00150340000	0,323363286	0,318255502	988984386000000	0,00000596640462	167593,388	988984386000000	0,615593368	39,9316815	-1,03558273	-0,0000000000102064161	8569607230
0,00155220000	0,313544213	0,309954116	958516850000000	0,00000593747141	168410,534	958516850000000	0,614386394	38,8901024	-1,00787672	-0,0000000000106805060	8567365130
0,00160100000	0,304223719	0,301860548	929621026000000	0,00000591287598	169111,493	929621026000000	0,613211466	37,8745982	-0,980864313	-0,0000000000111611707	8565224430
0,00164980000	0,295020189	0,293951239	901111442000000	0,00000588575794	169891,084	901111442000000	0,612021754	36,8822132	-0,954466870	-0,0000000000117146966	8563098590
0,00169860000	0,286862244	0,286359067	875860403000000	0,00000587250157	170274,946	875860403000000	0,610941325	35,9296195	-0,929127878	-0,0000000000122869520	8561204190
0,00174740000	0,278052618	0,278985701	848613020000000	0,00000584018943	171217,441	848613020000000	0,609745758	35,0044794	-0,904519152	-0,0000000000129018545	8559147750
0,00179620000	0,269796255	0,271798037	823096459000000	0,00000581438258	171977,756	823096459000000	0,608596597	34,1026396	-0,880530213	-0,0000000000135508627	8557210310
0,00184500000	0,261935852	0,264815769	798821300000000	0,00000579168565	172652,067	798821300000000	0,607475311	33,2265707	-0,857226781	-0,0000000000142232440	8555356610
0,00189380000	0,253969788	0,257990055	774237453000000	0,00000576196213	173543,068	774237453000000	0,606310321	32,3701449	-0,834445854	-0,0000000000149100064	8553468820
0,00194260000	0,246088098	0,251368215	749931479000000	0,00000572809761	174569,417	749931479000000	0,605127685	31,5392993	-0,812345361	-0,0000000000156996565	8551591900
0,00199140000	0,239157011	0,244930917	728571424000000	0,00000571120452	175086,069	728571424000000	0,604061641	30,7316082	-0,790860778	-0,0000000000166313188	8549933850
0,00204020000	0,231695074	0,238663390	705590499000000	0,00000567631001	176162,732	705590499000000	0,602885146	29,9452184	-0,769942809	-0,0000000000175270628	8548140950
0,00208900000	0,225056411	0,232581291	685158227000000	0,00000565607668	176793,199	685158227000000	0,601811949	29,1820942	-0,749643705	-0,0000000000183666611	8546539010
0,00213780000	0,218495019	0,226652894	664975988000000	0,00000563305358	177516,060	664975988000000	0,600725336	28,4382552	-0,729857589	-0,0000000000191789658	8544949400
0,00218660000	0,211962158	0,220955018	644893588000000	0,00000560380968	178442,729	644893588000000	0,599616433	27,7233398	-0,710840839	-0,0000000000200923723	8543360470
0,00223540000	0,205567183	0,215426069	625246746000000	0,00000557252945	179444,663	625246746000000	0,598503344	27,0296196	-0,692387882	-0,0000000000209883013	8541799100
0,00228420000	0,199500955	0,210021518	606620604000000	0,00000554565121	180314,644	606620604000000	0,597420806	26,3515079	-0,674350111	-0,0000000000218590609	8540312560
0,00233300000	0,193743248	0,204739843	588951420000000	0,00000552301591	181053,882	588951420000000	0,596367948	25,6888135	-0,656722439	-0,0000000000227322835	8538896770
0,00238180000	0,188057831	0,199606563	571513324000000	0,00000549731638	181900,537	571513324000000	0,595302695	25,0447381	-0,639590033	-0,0000000000238118671	8537494150
0,00243060000	0,182393099	0,194589930	554147826000000	0,00000546769725	182886,157	554147826000000	0,594214575	24,4152986	-0,622846944	-0,0000000000248647825	8536092150
0,00247940000	0,176765762	0,189753977	536906019000000	0,00000543258555	184068,428	536906019000000	0,593105670	23,8085291	-0,606706874	-0,0000000000260834297	8534695030
0,00252820000	0,171244604	0,185017788	519998328000000	0,00000539619518	185309,974	519998328000000	0,591988990	23,2142771	-0,590899770	-0,0000000000271714162	8533320100
0,00257700000	0,166388709	0,180416577	505135105000000	0,00000537564152	186018,702	505135105000000	0,590981996	22,6369607	-0,575543156	-0,0000000000283212995	8532107480
0,00262580000	0,161823759	0,175969413	491168584000000	0,00000535910892	186592,744	491168584000000	0,590012922	22,0789728	-0,560700676	-0,0000000000295636068	8530964720
0,00267460000	0,156913625	0,171611824	476152641000000	0,00000532718988	187710,966	476152641000000	0,588944973	21,5322239	-0,546157155	-0,0000000000310483052	8529732570
0,00272340000	0,152240112	0,167370274	461866752000000	0,00000529831240	188734,247	461866752000000	0,587902447	21,0000343	-0,532000913	-0,0000000000322423277	8528557000
0,00277220000	0,147857564	0,163221575	448475986000000	0,00000527546588	189551,780	448475986000000	0,586900420	20,4794949	-0,518154565	-0,0000000000332890131	8527452220
0,00282100000	0,143562448	0,159204349	435357736000000	0,00000525037746	190457,711	435357736000000	0,585894154	19,9754516	-0,504747011	-0,0000000000344340280	8526367290
0,00286980000	0,139460681	0,155274915	422834983000000	0,00000522839991	191258,465	422834983000000	0,584909539	19,4824235	-0,491632465	-0,0000000000350435253	8525329250
0,00291860000	0,135164561	0,151461738	409724077000000	0,00000519383008	192531,653	409724077000000	0,583852067	19,0039822	-0,478905925	-0,0000000000366691820	8524240040
0,00296740000	0,131129000	0,147762621	397413208000000	0,00000516388901	193648,151	397413208000000	0,582832886	18,5398520	-0,466560064	-0,0000000000395213408	8523215120
0,00301620000	0,127218202	0,144163446	385487440000000	0,00000513398108	194776,408	385487440000000	0,581819909	18,0882618	-0,454547764	-0,0000000000413831541	8522220340
0,00306500000	0,123656436	0,140649425	374629886000000	0,00000511403443	195536,250	374629886000000	0,580874417	17,6473557	-0,442819661	-0,0000000000431170580	8521313070
0,00311380000	0,119897932	0,137219733	363176596000000	0,00000508159993	196784,463	363176596000000	0,579851632	17,2170305	-0,431373012	-0,0000000000451256192	8520354450
0,00316260000	0,116356973	0,133902678	352389989000000	0,00000505281604	197905,612	352389989000000	0,578863132	16,8008379	-0,420302289	-0,0000000000471175602	8519450220
0,00321140000	0,113341272	0,130685412	343206320000000	0,00000504228457	198319,076	343206320000000	0,578001125	16,3971659	-0,409564614	-0,0000000000482109642	8518679350
0,00326020000	0,110121733	0,127527042	333404831000000	0,00000501959628	199215,595	333404831000000	0,577059276	16,0008836	-0,399023503	-0,0000000000503493725	8517855640
0,00330900000	0,106828068	0,124455468	323380805000000	0,00000498883850	200443,958	323380805000000	0,576071400	15,6154916	-0,388772075	-0,0000000000523371466	8517012250
0,00335780000	0,103897234	0,121451167	314463692000000	0,00000497127750	201152,138	314463692000000	0,575170473	15,2385404	-0,378745173	-0,0000000000548783591	8516261210
0,00340660000	0,100789052	0,118536651	305009737000000	0,00000494037868	202410,340	305009737000000	0,574191217	14,8728546	-0,369017932	-0,0000000000585068353	8515464210
0,00345540000	0,0975973672	0,115704353	295304743000000	0,00000490026888	204067,249	295304743000000	0,573158632	14,5174847	-0,359565093	-0,0000000000604406716	8514645340
0,00350420000	0,0946786702	0,112959093	286432438000000	0,00000486855625	205396,616	286432438000000	0,572188934	14,1730355	-0,350402743	-0,0000000000623434406	8513896150
0,00355300000	0,0920123590	0,110260201	278329524000000	0,00000484662796	206326,025	278329524000000	0,571280581	13,8344042	-0,341395151	-0,0000000000647229896	8513211510
0,00360180000	0,0893611897	0,107636235	270274697000000	0,00000482109932	207418,666	270274697000000	0,570354840	13,5051738	-0,332637623	-0,0000000000671555032	8512530590
0,00365060000	0,0868034668	0,105070668	262505739000000	0,00000479685395	208467,151	262505739000000	0,569439203	13,1832708	-0,324075004	-0,0000000000699125997	8511873560
0,00369940000	0,0841850586	0,102570304	254554447000000	0,00000476494873	209863,116	254554447000000	0,568477580	12,8695489	-0,315730000	-0,0000000000731253797	8511200880
0,00374820000	0,0818723295	0,100159751	247533087000000	0,00000474503269	210744,050	247533087000000	0,567606622	12,5670955	-0,307684741	-0,0000000000767119192	8510606730
0,00379700000	0,0794274304	0,0978003861	240112179000000	0,00000471381797	212139,689	240112179000000	0,566662566	12,2710648	-0,299810323	-0,0000000000796892829	8509978680
0,00384580000	0,0772094801	0,0955044678	233381646000000	0,00000469182925	213133,989	233381646000000	0,565784215	11,9829947	-0,292147659	-0,0000000000820768689	8509409020
0,00389460000	0,0748015137	0,0932554443	226076141000000	0,00000465457170	214840,121	226076141000000	0,564805581	11,7008086	-0,284641508	-0,0000000000843118824	8508790690
0,00394340000	0,0726636153	0,0910693270	219591430000000	0,00000462958912	215999,544	219591430000000	0,563913571	11,4265153	-0,277345307	-0,0000000000880889510	8508241880
0,00399220000	0,0707208228	0,0889241599	213699691000000	0,00000461406078	216726,549	213699691000000	0,563082991	11,1573601	-0,270185778	-0,0000000000934966406	8507743330
0,00404100000	0,0690433030	0,0868519344	208613321000000	0,00000461170723	216837,211	208613321000000	0,562349703	10,8973569	-0,263269693	-0,0000000000943375065	8507313020
0,00408980000	0,0670600023	0,0848270714	202600876000000	0,00000458570415	218066,858	202600876000000	0,561462451	10,6432963	-0,256511681	-0,0000000000969892442	8506804490
0,00413860000	0,0650307733	0,0828537981	196450406000000	0,00000455239247	219662,623	196450406000000	0,560530616	10,3957087	-0,249925851	-0,000000000100020691	8506284460
0,00418740000	0,0632438505	0,0809391576	191035363000000	0,00000453162826	220669,200	191035363000000	0,559688739	10,1554777	-0,243535708	-0,000000000103690784	8505826810
0,00423620000	0,0611734382	0,0790526692	184762429000000	0,00000448741580	222843,441	184762429000000	0,558686804	9,91877907	-0,237239523	-0,000000000108086128	8505296910
0,00428500000	0,0592405769	0,0772254200	178907397000000	0,00000444802486	224816,985	178907397000000	0,557724155	9,68951317	-0,231141050	-0,000000000117350708	8504802600
0,00433380000	0,0574801693	0,0754401253	173575731000000	0,00000441759389	226365,726	173575731000000	0,556823002	9,46551134	-0,225182602	-0,000000000120691345	8504352760
0,00438260000	0,0559731056	0,0737023561	169012089000000	0,00000440286720	227122,929	169012089000000	0,556031956	9,24747254	-0,219382770	-0,000000000129717025	8503967950
0,00443140000	0,0546325579	0,0720163895	164953255000000	0,00000439773173	227388,199	164953255000000	0,555312310	9,03593344	-0,213755830	-0,000000000135192164	8503625920
0,00448020000	0,0533016490	0,0703750689	160924135000000	0,00000439037421	227769,309	160924135000000	0,554582179	8,82999610	-0,208277896	-0,000000000138964792	8503286590
0,00452900000	0,0514402336	0,0687507743	155289876000000	0,00000433675351	230585,587	155289876000000	0,553533359	8,62619502	-0,202856788	-0,000000000151236995	8502812450
0,00457780000	0,0495667141	0,0671790602	149620025000000	0,00000427617025	233852,526	149620025000000	0,552443011	8,42899124	-0,197611167	-0,000000000157574899	8502335790
0,00462660000	0,0487908135	0,0656549357	147272217000000	0,00000430677945	232190,500	147272217000000	0,551980649	8,23775856	-0,192524378	-0,000000000157639818	8502138560
0,00467540000	0,0475203237	0,0641448128	143428213000000	0,00000429311214	232929,735	143428213000000	0,551209162	8,04828266	-0,187484319	-0,000000000158420926	8501815850
0,00472420000	0,0460949971	0,0626739871	139116309000000	0,00000426176903	234642,871	139116309000000	0,550321341	7,86373741	-0,182575415	-0,000000000162337112	8501454170
0,00477300000	0,0447390986	0,0612571721	135015003000000	0,00000423179162	236305,101	135015003000000	0,549453585	7,68596890	-0,177846773	-0,000000000166427325	8501110490
0,00482180000	0,0433131290	0,0598636552	130702342000000	0,00000419198119	238549,305	130702342000000	0,548515069	7,51112362	-0,173195888	-0,000000000182561465	8500749460
0,00487060000	0,0417391097	0,0585111596	125942632000000	0,00000413269397	241971,580	125942632000000	0,547446185	7,34142530	-0,168681913	-0,000000000190969745	8500351480
0,00491940000	0,0402353864	0,0571747067	121396186000000	0,00000407662049	245299,940	121396186000000	0,546390431	7,17373986	-0,164221480	-0,000000000192375783	8499971820
0,00496820000	0,0394908163	0,0558793863	119145260000000	0,00000409377838	244271,855	119145260000000	0,545854370	7,01121534	-0,159898328	-0,000000000195613207	8499784040
0,00501700000	0,0385907780	0,0546142899	116424557000000	0,00000409295989	244320,733	116424557000000	0,545193989	6,85248305	-0,155676049	-0,000000000200651178	8499557240
0,00506580000	0,0373002065	0,0533815593	112523746000000	0,00000404717620	247084,667	112523746000000	0,544222195	6,69781171	-0,151561791	-0,000000000218691525	8499232410
0,00511460000	0,0361077040	0,0521834251	108919798000000	0,00000400749912	249531,031	108919798000000	0,543296614	6,54748120	-0,147563000	-0,000000000229473676	8498932660
0,00516340000	0,0351674232	0,0510009473	106078410000000	0,00000399344719	250409,101	106078410000000	0,542546902	6,39911510	-0,143616462	-0,000000000236296605	8498696610
0,00521220000	0,0345581185	0,0498587438	104237324000000	0,00000401403458	249124,804	104237324000000	0,542051233	6,25580223	-0,139804339	-0,000000000238859700	8498543780
0,00526100000	0,0339089415	0,0487383523	102275882000000	0,00000402904000	248197,001	102275882000000	0,541514241	6,11522613	-0,136065015	-0,000000000240411925	8498381080
0,00530980000	0,0327033662	0,0476464728	98633660100000	0,00000397460140	251596,514	98633660100000	0,540491485	5,97822746	-0,132420850	-0,000000000244321683	8498079280
0,00535860000	0,0312428562	0,0465739051	94221829000000	0,00000388425796	257448,435	94221829000000	0,539204961	5,84365184	-0,128841139	-0,000000000256746499	8497714280
0,00540740000	0,0304031823	0,0455322876	91685678200000	0,00000386617242	258652,782	91685678200000	0,538439995	5,71295955	-0,125364724	-0,000000000278832555	8497504770
0,00545620000	0,0298147995	0,0445154144	89908653500000	0,00000387784335	257874,346	89908653500000	0,537892249	5,58537194	-0,121970894	-0,000000000294569157	8497358100
0,00550500000	0,0293998584	0,0435176198	88655518000000	0,00000391146840	255657,526	88655518000000	0,537499925	5,46017814	-0,118640738	-0,000000000300957719	8497254740
0,00555380000	0,0284645690	0,0425376375	85831103800000	0,00000387409726	258123,744	85831103800000	0,536596472	5,33721926	-0,115370032	-0,000000000311830395	8497022000
0,00560260000	0,0272860457	0,0415859591	82272541200000	0,00000379845843	263263,826	82272541200000	0,535418026	5,21781168	-0,112193791	-0,000000000309751220	8496729190
0,00565140000	0,0262601380	0,0406665280	79175144800000	0,00000373810037	267514,720	79175144800000	0,534353016	5,10245019	-0,109125175	-0,000000000310856404	8496474730
0,00570020000	0,0255039768	0,0397621992	76892364600000	0,00000371288935	269331,211	76892364600000	0,533542931	4,98898359	-0,106106964	-0,000000000307787075	8496287440
0,00574900000	0,0250229970	0,0388841489	75440421200000	0,00000372503789	268452,848	75440421200000	0,533015911	4,87881416	-0,103176457	-0,000000000311201787	8496168430
0,00579780000	0,0244394975	0,0380117986	73679093500000	0,00000372156015	268703,733	73679093500000	0,532363703	4,76935993	-0,100264974	-0,000000000311201787	8496024190
0,00584660000	0,0239783829	0,0371741930	72287265100000	0,00000373352817	267842,401	72287265100000	0,531837907	4,66426512	-0,0974694523	-0,000000000319005522	8495910300
0,00589540000	0,0232488312	0,0363421587	70085317200000	0,00000370267429	270074,325	70085317200000	0,530986358	4,55986935	-0,0946925246	-0,000000000349886267	8495730290
0,00594420000	0,0223644763	0,0355293958	67416355300000	0,00000364314650	274487,289	67416355300000	0,529919856	4,45789157	-0,0919799158	-0,000000000395831848	8495512400
0,00599300000	0,0214816081	0,0347440969	64752116900000	0,00000357826196	279464,601	64752116900000	0,528814861	4,35935971	-0,0893589683	-0,000000000404247691	8495295230
0,00604180000	0,0210070650	0,0339825404	63320182000000	0,00000357754825	279520,369	63320182000000	0,528203131	4,26380683	-0,0868172616	-0,000000000396051166	8495178650
0,00609060000	0,0205678346	0,0332477977	61994864200000	0,00000358007411	279323,171	61994864200000	0,527625201	4,17161828	-0,0843650463	-0,000000000393766213	8495070840
0,00613940000	0,0202473373	0,0325170507	61027844100000	0,00000360342981	277512,739	61027844100000	0,527196102	4,07993108	-0,0819261668	-0,000000000393766213	8494992220
0,00618820000	0,0198354795	0,0318082704	59785212500000	0,00000360871771	277106,108	59785212500000	0,526635166	3,99100005	-0,0795606013	-0,000000000396004585	8494891280
0,00623700000	0,0194801919	0,0310947859	58713302500000	0,00000362533486	275835,968	58713302500000	0,526142361	3,90147878	-0,0771793356	-0,000000000399384989	8494804260
0,00628580000	0,0190539940	0,0304007005	57427505000000	0,00000362689969	275716,971	57427505000000	0,525539853	3,81439153	-0,0748628148	-0,000000000406794107	8494699960
0,00633460000	0,0181814628	0,0297432942	54795335600000	0,00000353715191	282712,752	54795335600000	0,524265482	3,73190642	-0,0726687108	-0,000000000412520528	8494486710
0,00638340000	0,0176121357	0,0290892972	53077968000000	0,00000350332353	285442,673	53077968000000	0,523402280	3,64984909	-0,0704859858	-0,000000000434071795	8494347770
0,00643220000	0,0167804478	0,0284367129	50569370000000	0,00000341434449	292881,452	50569370000000	0,522092374	3,56796900	-0,0683079754	-0,000000000469558306	8494145110
0,00648100000	0,0162165171	0,0278148835	48868520300000	0,00000337327021	296447,718	48868520300000	0,521168532	3,48994774	-0,0662326100	-0,000000000539134886	8494007900
0,00652980000	0,0158587651	0,0271973964	47789568500000	0,00000337368838	296410,984	47789568500000	0,520566437	3,41247132	-0,0641717371	-0,000000000602585972	8493920950
0,00657860000	0,0154338886	0,0265938875	46508225200000	0,00000335774048	297818,832	46508225200000	0,519834294	3,33674875	-0,0621575167	-0,000000000685202615	8493817770
0,00662740000	0,0153023507	0,0260044678	46111544000000	0,00000340455914	293723,298	46111544000000	0,519603722	3,26279395	-0,0601903190	-0,000000000685202615	8493785850
0,00667620000	0,0150961303	0,0254359425	45489652000000	0,00000343371280	291229,466	45489652000000	0,519238398	3,19146079	-0,0582928570	-0,000000000702941121	8493735820
0,00672500000	0,0147624950	0,0248760082	44483546600000	0,00000343334860	291260,370	44483546600000	0,518637120	3,12120555	-0,0564240675	-0,000000000791223460	8493654930
0,00677380000	0,0144084283	0,0243375569	43415865800000	0,00000342507964	291963,554	43415865800000	0,517984622	3,05364578	-0,0546269778	-0,000000000786129051	8493569160
0,00682260000	0,0140828281	0,0237947322	42434058700000	0,00000342399356	292056,175	42434058700000	0,517370876	2,98553729	-0,0528152919	-0,000000000765571437	8493490350
0,00687140000	0,0137264129	0,0232588203	41359370000000	0,00000341417218	292896,331	41359370000000	0,516683244	2,91829615	-0,0510266776	-0,000000000758524175	8493404140
0,00692020000	0,0131054800	0,0227440441	39487180800000	0,00000333340150	299993,446	39487180800000	0,515443262	2,85370691	-0,0493086039	-0,000000000751060185	8493254140
0,00696900000	0,0125366175	0,0222337538	37772092900000	0,00000326180087	306578,707	37772092900000	0,514256639	2,78968053	-0,0476055021	-0,000000000747413364	8493116920
0,00701780000	0,0121641865	0,0217434750	36649288500000	0,00000323620319	309003,694	36649288500000	0,513451345	2,72816499	-0,0459691888	-0,000000000773220685	8493027180
0,00706660000	0,0116134606	0,0212677580	34989038100000	0,00000315870801	316584,763	34989038100000	0,512215861	2,66847654	-0,0443814759	-0,000000000795519607	8492894640
0,00711540000	0,0113024478	0,0207971332	34051481700000	0,00000314363219	318103,010	34051481700000	0,511492914	2,60942701	-0,0428107584	-0,000000000780667488	8492819880
0,00716420000	0,0109713875	0,0203368712	33053524000000	0,00000312056202	320454,745	33053524000000	0,510701931	2,55167770	-0,0412746267	-0,000000000764693045	8492740360
0,00721300000	0,0104984782	0,0198874308	31628030500000	0,00000305346295	327496,679	31628030500000	0,509531035	2,49528618	-0,0397746123	-0,000000000585159741	8492626890
0,00726180000	0,0103390152	0,0194504470	31147375600000	0,00000307461727	325243,403	31147375600000	0,509124673	2,44045759	-0,0383161719	-0,000000000710202344	8492588660
0,00731060000	0,0101778688	0,0190304020	30661654400000	0,00000309347641	323260,584	30661654400000	0,508707806	2,38775433	-0,0369142652	-0,000000000710202344	8492550040
0,00735940000	0,0101400425	0,0186191062	30547641000000	0,00000315005427	317454,524	30547641000000	0,508609026	2,33614883	-0,0355415590	-0,000000000710202344	8492540980
0,00740820000	0,00994590405	0,0182163038	29962489100000	0,00000315803411	316652,373	29962489100000	0,508096364	2,28560901	-0,0341971996	-0,000000000640905347	8492494480
0,00745700000	0,00971360421	0,0178158603	29262330400000	0,00000315356145	317101,485	29262330400000	0,507470018	2,23536516	-0,0328607132	-0,000000000834945219	8492438880
0,00750580000	0,00948079637	0,0174222798	28560657000000	0,00000314747578	317714,612	28560657000000	0,506827541	2,18598241	-0,0315471322	-0,00000000102507252	8492383190
0,00755460000	0,00914614507	0,0170416899	27552060600000	0,00000310413511	322150,633	27552060600000	0,505876638	2,13822959	-0,0302769072	-0,00000000123384473	8492303200
0,00760340000	0,00907055481	0,0166686254	27324245900000	0,00000314736845	317725,459	27324245900000	0,505657172	2,09142100	-0,0290317986	-0,00000000123384473	8492285140
0,00765220000	0,00877024014	0,0162972845	26419171800000	0,00000311245542	321289,461	26419171800000	0,504767310	2,04482867	-0,0277924425	-0,00000000147068327	8492213440
0,00770100000	0,00865965229	0,0159392621	26085894300000	0,00000314222085	318245,972	26085894300000	0,504432138	1,99990741	-0,0265975371	-0,00000000157020856	8492187050
0,00774980000	0,00840935775	0,0155804108	25331597900000	0,00000312164037	320344,127	25331597900000	0,503657887	1,95488216	-0,0253998654	-0,00000000168424264	8492127360
0,00779860000	0,00799276536	0,0152290982	24076183000000	0,00000303537697	329448,115	24076183000000	0,502318002	1,91080279	-0,0242273542	-0,00000000177448136	8492028090
0,00784740000	0,00772781842	0,0148859724	23277784200000	0,00000300236588	333070,417	23277784200000	0,501429945	1,86775061	-0,0230821663	-0,00000000173519592	8491965030
0,00789620000	0,00728716664	0,0145456281	21949958800000	0,00000289734639	345143,172	21949958800000	0,499884939	1,82504744	-0,0219462618	-0,00000000156267370	8491860240
0,00794500000	0,00691468405	0,0142152347	20827595400000	0,00000281309427	355480,222	20827595400000	0,498505984	1,78359281	-0,0208435687	-0,000000000907030980	8491771770
0,00799380000	0,00664954637	0,0138943129	20028709200000	0,00000276767490	361313,899	20028709200000	0,497479406	1,74332658	-0,0197724871	-0,000000000138531787	8491708860
0,00804260000	0,00641073663	0,0135829035	19309170100000	0,00000272941880	366378,159	19309170100000	0,496519856	1,70425389	-0,0187331536	0,000000000496613345	8491652230
0,00809140000	0,00629333703	0,0132808019	18955448800000	0,00000274036847	364914,228	18955448800000	0,496035221	1,66634904	-0,0177248845	0,000000000496613345	8491624410
0,00814020000	0,00622657397	0,0129889509	18754295700000	0,00000277220838	360723,044	18754295700000	0,495755649	1,62973035	-0,0167508274	0,000000000496613345	8491608600
0,00818900000	0,00612464231	0,0126899400	18447184400000	0,00000279106343	358286,178	18447184400000	0,495323087	1,59221330	-0,0157528739	0,000000000978224081	8491584450
0,00823780000	0,00592032021	0,0124108848	17831589000000	0,00000275858575	362504,400	17831589000000	0,494434331	1,55720010	-0,0148215227	0,00000000156997164	8491536080
0,00828660000	0,00581144471	0,0121341025	17503566800000	0,00000276960660	361061,921	17503566800000	0,493948374	1,52247208	-0,0138977573	0,00000000145275035	8491510320
0,00833540000	0,00566111688	0,0118535090	17050662100000	0,00000276180813	362081,452	17050662100000	0,493262499	1,48726587	-0,0129612722	0,00000000145275035	8491474760
0,00838420000	0,00555299917	0,0115879767	16724931600000	0,00000277112377	360864,252	16724931600000	0,492758058	1,45394940	-0,0120750541	0,00000000161455312	8491449200
0,00843300000	0,00552400022	0,0113235461	16637565900000	0,00000282102233	354481,241	16637565900000	0,492621117	1,42077115	-0,0111925126	0,00000000144627914	8491442350
0,00848180000	0,00551849685	0,0110755621	16620985800000	0,00000288131134	347064,017	16620985800000	0,492595049	1,38965648	-0,0103648623	0,00000000144627914	8491441040
0,00853060000	0,00543379818	0,0108197817	16365814100000	0,00000290414504	344335,245	16365814100000	0,492190597	1,35756358	-0,00951119122	0,00000000144627914	8491421030
0,00857940000	0,00532819839	0,0105778298	16047676700000	0,00000291282759	343308,853	16047676700000	0,491677571	1,32720574	-0,00870367279	0,00000000120713224	8491396080
0,00862820000	0,00523219404	0,0103353995	15758450100000	0,00000292742260	341597,249	15758450100000	0,491202409	1,29678789	-0,00789455780	0,00000000129982209	8491373400
0,00867700000	0,00508668313	0,0101008855	15320083400000	0,00000291206369	343398,919	15320083400000	0,490465619	1,26736330	-0,00711186388	0,00000000117291298	8491339050
0,00872580000	0,00504934547	0,00986291562	15207600900000	0,00000296042851	337788,775	15207600900000	0,490273217	1,23750510	-0,00631763557	0,00000000117291298	8491330230
0,00877460000	0,00498061725	0,00964110886	15000553100000	0,00000298730437	334749,793	15000553100000	0,489915371	1,20967489	-0,00557735203	0,00000000117291298	8491314010
0,00882340000	0,00487379069	0,00941396586	14678734600000	0,00000299374764	334029,333	14678734600000	0,489349394	1,18117514	-0,00481925870	0,000000000779548675	8491288810
0,00887220000	0,00480817686	0,00920489929	14481072600000	0,00000302051417	331069,307	14481072600000	0,488995679	1,15494345	-0,00412149576	0,000000000658448146	8491273330
0,00892100000	0,00468105235	0,00898605619	14098113000000	0,00000301225022	331977,582	14098113000000	0,488296632	1,12748509	-0,00339110345	0,000000000271819274	8491243360
0,00896980000	0,00459100329	0,00878295327	13826845300000	0,00000302260725	330840,055	13826845300000	0,487790050	1,10200166	-0,00271324427	0,000000000271819274	8491222130
0,00901860000	0,00430426064	0,00857972947	12963065900000	0,00000290090377	344720,016	12963065900000	0,486109101	1,07650307	-0,00203498166	-0,000000000528445754	8491154580
0,00906740000	0,00423734227	0,00837159297	12761485600000	0,00000292679510	341670,519	12761485600000	0,485700929	1,05038808	-0,00134032283	-0,00000000120186377	8491138830
0,00911620000	0,00411397611	0,00817939051	12389869400000	0,00000290833865	343838,780	12389869400000	0,484931500	1,02627233	-0,000698844101	-0,00000000198338345	8491109790
0,00916500000	0,00394409711	0,00798508258	11878150200000	0,00000285606829	350131,556	11878150200000	0,483833846	1,00189242	-0,0000503383340	-0,00000000236361498	8491069830
0,00921380000	0,00388509032	0,00780192148	11700408600000	0,00000287937773	347297,135	11700408600000	0,483441628	0,978911101	0,000560964707	-0,00000000275920003	8491055950
0,00926260000	0,00374682617	0,00761937663	11283930400000	0,00000284341432	351689,745	11283930400000	0,482499043	0,956007105	0,00117021100	-0,00000000326646514	8491023450
0,00931140000	0,00376922587	0,00743238908	11351402200000	0,00000293238010	341019,789	11351402200000	0,482654057	0,932545681	0,00179428487	-0,00000000312790989	8491028710
0,00936020000	0,00362317716	0,00726123418	10911480800000	0,00000288517683	346599,089	10911480800000	0,481626516	0,911070788	0,00236551703	-0,00000000337207653	8490994390
0,00940900000	0,00345998462	0,00708999848	10419927200000	0,00000282174479	354390,549	10419927200000	0,480428770	0,889585756	0,00293701888	-0,00000000352227016	8490956070
0,00945780000	0,00344504210	0,00691730738	10374919100000	0,00000287969726	347258,614	10374919100000	0,480316322	0,867918116	0,00351337812	-0,00000000352227016	8490952560
0,00950660000	0,00327746311	0,00675394760	9870162340000	0,00000280585870	356397,028	9870162340000	0,479021108	0,847421280	0,00405859395	-0,00000000372424974	8490913220
0,00955540000	0,00316349406	0,00659013799	9526886450000	0,00000277559227	360283,363	9526886450000	0,478102249	0,826868004	0,00460531110	-0,00000000486438826	8490886480
0,00960420000	0,00292736945	0,00643383481	8815689470000	0,00000263078626	380114,403	8815689470000	0,476089449	0,807256563	0,00512697541	-0,00000000590042231	8490831110
0,00965300000	0,00293327449	0,00627940768	8833474970000	0,00000270092230	370243,802	8833474970000	0,476141717	0,787880512	0,00564237839	-0,00000000590042231	8490832500
0,00970180000	0,00291080065	0,00613169210	8765785600000	0,00000274479360	364326,024	8765785600000	0,475942231	0,769346562	0,00613538145	-0,00000000590042231	8490827230
0,00975060000	0,00273415795	0,00598884984	8233757590000	0,00000263969555	378831,477	8233757590000	0,474318980	0,751424070	0,00661211973	-0,00000000668166865	8490785840
0,00979940000	0,00270540243	0,00584378680	8147150090000	0,00000267676683	373584,936	8147150090000	0,474044932	0,733222936	0,00709626989	-0,00000000794787363	8490779110
0,00984820000	0,00260796499	0,00570394740	7853684380000	0,00000264360838	378270,769	7853684380000	0,473094367	0,715677215	0,00756298609	-0,00000000951356460	8490756290
0,00989700000	0,00257532260	0,00557117574	7755371470000	0,00000267272905	374149,327	7755371470000	0,472768029	0,699018285	0,00800611361	-0,00000000951356460	8490748650
0,00994580000	0,00244713804	0,00543564445	7369306170000	0,00000260300347	384171,517	7369306170000	0,471445560	0,682013105	0,00845845141	-0,0000000107676242	8490718650
0,00999460000	0,00224861794	0,00530247677	6771414740000	0,00000245188348	407849,650	6771414740000	0,469255286	0,665304489	0,00890290060	-0,0000000131005135	8490672210
0,0100434000	0,00222494696	0,00517310198	6700124650000	0,00000248674372	402132,238	6700124650000	0,468981411	0,649071767	0,00933469100	-0,0000000137072463	8490666670
0,0100922000	0,00209013018	0,00504396748	6294099110000	0,00000239585476	417387,503	6294099110000	0,467364188	0,632869194	0,00976567944	-0,0000000151565980	8490635160
0,0101410000	0,00189722985	0,00492052037	5713153910000	0,00000222927721	448575,823	5713153910000	0,464860231	0,617380222	0,0101776861	-0,0000000193358828	8490590090
0,0101898000	0,00185620333	0,00479656225	5589598510000	0,00000223743134	446941,028	5589598510000	0,464295125	0,601827133	0,0105913983	-0,0000000189073216	8490580510
0,0102386000	0,00176267719	0,00467930444	5307937310000	0,00000217792876	459151,783	5307937310000	0,462959033	0,587114736	0,0109827480	-0,0000000183981986	8490558670
0,0102874000	0,00169934234	0,00456027798	5117201010000	0,00000215446949	464151,330	5117201010000	0,462013598	0,572180424	0,0113800007	-0,0000000162743625	8490543890
0,0103362000	0,00169539179	0,00444474332	5105303770000	0,00000220533256	453446,294	5105303770000	0,461953470	0,557684231	0,0117655995	-0,0000000162743625	8490542960
0,0103850000	0,00152276715	0,00432937550	4585441890000	0,00000203355127	491750,521	4585441890000	0,459180103	0,543208971	0,0121506414	-0,0000000119406753	8490502690
0,0104338000	0,00143807777	0,00422142749	4330401810000	0,00000196955471	507728,931	4330401810000	0,457702881	0,529664679	0,0125109195	-0,0000000119136987	8490482940
0,0104826000	0,00133731285	0,00411941212	4026953470000	0,00000187689751	532794,100	4026953470000	0,455828069	0,516864758	0,0128513974	-0,0000000104553009	8490459440
0,0105314000	0,00135103633	0,00401481352	4068280840000	0,00000194556048	513990,659	4068280840000	0,456091522	0,503740717	0,0132004969	-0,0000000104553009	8490462640
0,0105802000	0,00131772014	0,00390911750	3967951390000	0,00000194888766	513113,164	3967951390000	0,455447240	0,490478984	0,0135532590	-0,0000000103049992	8490454880
0,0106290000	0,00132645168	0,00380623297	3994245820000	0,00000201483094	496319,514	3994245820000	0,455617649	0,477570008	0,0138966378	-0,0000000112977109	8490456910
0,0106778000	0,00126194950	0,00371221988	3800002670000	0,00000196539297	508804,059	3800002670000	0,454331528	0,465774138	0,0142104079	-0,00000000368265589	8490441880
0,0107266000	0,00121077775	0,00362006384	3645903990000	0,00000193369595	517144,344	3645903990000	0,453263746	0,454211272	0,0145179802	-0,00000000339117155	8490429960
0,0107754000	0,00121552364	0,00352684514	3660195740000	0,00000199258615	501860,318	3660195740000	0,453364650	0,442515074	0,0148290990	-0,00000000339117155	8490431060
0,0108242000	0,00120090977	0,00342644109	3616187630000	0,00000202631460	493506,743	3616187630000	0,453052673	0,429917326	0,0151641991	-0,00000000339117155	8490427660
0,0108730000	0,00115383515	0,00332969537	3474427870000	0,00000200344759	499139,547	3474427870000	0,452021376	0,417778591	0,0154870895	-0,00000000247584532	8490416690
0,0109218000	0,00112854537	0,00324136293	3398270920000	0,00000201293395	496787,251	3398270920000	0,451449889	0,406695475	0,0157819004	-0,00000000325460639	8490410800
0,0109706000	0,00113586317	0,00315729591	3420307520000	0,00000207993162	480784,999	3420307520000	0,451616555	0,396147542	0,0160624754	-0,00000000325460639	8490412500
0,0110194000	0,00100677348	0,00307464401	3031573150000	0,00000189309496	528235,485	3031573150000	0,448506278	0,385777165	0,0163383274	-0,00000000565327082	8490382440
0,0110682000	0,000976661865	0,00298996321	2940897230000	0,00000188848348	529525,383	2940897230000	0,447723629	0,375152222	0,0166209509	-0,00000000497999951	8490375430
0,0111170000	0,000929349887	0,00289830110	2798425960000	0,00000185382830	539424,251	2798425960000	0,446443961	0,363651330	0,0169268746	-0,00000000685075412	8490364420
0,0111658000	0,000927046022	0,00281484895	2791488320000	0,00000190405683	525194,376	2791488320000	0,446380001	0,353180546	0,0172053975	-0,00000000685075412	8490363880
0,0112146000	0,000924787451	0,00273914648	2784687070000	0,00000195191243	512318,036	2784687070000	0,446317143	0,343682118	0,0174580557	-0,00000000685075412	8490363360
0,0112634000	0,000909417565	0,00267064839	2738403670000	0,00000196870182	507948,909	2738403670000	0,445885282	0,335087627	0,0176866691	-0,00000000651577307	8490359780
0,0113122000	0,000909512159	0,00259804154	2738688520000	0,00000202393117	494087,919	2738688520000	0,445887962	0,325977608	0,0179289956	-0,00000000651577307	8490359800
0,0113610000	0,000854363236	0,00252762916	2572618950000	0,00000195416529	511727,411	2572618950000	0,444276310	0,317142931	0,0181639980	-0,000000000529891405	8490346970
0,0114098000	0,000802400084	0,00244854416	2416143520000	0,00000189458448	527820,196	2416143520000	0,442659863	0,307220095	0,0184279455	0,000000000918027382	8490334880
0,0114586000	0,000763786734	0,00237601474	2299868580000	0,00000185845940	538080,064	2299868580000	0,441389578	0,298119791	0,0186700136	0,000000000156290922	8490325890
0,0115074000	0,000758939493	0,00230777099	2285272290000	0,00000190127279	525963,428	2285272290000	0,441225609	0,289557213	0,0188977781	0,000000000156290922	8490324770
0,0115562000	0,000774414063	0,00224193522	2331870210000	0,00000199701121	500748,291	2331870210000	0,441745469	0,281296765	0,0191175060	0,000000000156290922	8490328370
0,0116050000	0,000739223165	0,00218425196	2225901450000	0,00000195660152	511090,246	2225901450000	0,440547713	0,274059217	0,0193100248	-0,00000000119224096	8490320180
0,0116538000	0,000724566608	0,00212663020	2181766940000	0,00000196977022	507673,404	2181766940000	0,440031993	0,266829385	0,0195023384	-0,00000000119224096	8490316770
0,0117026000	0,000702403438	0,00207022167	2115028280000	0,00000196154609	509801,915	2115028280000	0,439232026	0,259751777	0,0196906027	-0,00000000514185085	8490311620
0,0117514000	0,000666901295	0,00201291672	2008123070000	0,00000191541862	522079,061	2008123070000	0,437896569	0,252561696	0,0198818589	-0,00000000609488037	8490303360
0,0118002000	0,000639844002	0,00195713449	1926647530000	0,00000189008261	529077,382	1926647530000	0,436830245	0,245562671	0,0200680329	-0,0000000112062026	8490297070
0,0118490000	0,000630503748	0,00189691027	1898521990000	0,00000192162230	520393,605	1898521990000	0,436451670	0,238006308	0,0202690322	-0,0000000112062026	8490294900
0,0118978000	0,000600542117	0,00184506728	1808301190000	0,00000188173191	531425,310	1808301190000	0,435198367	0,231501541	0,0204420590	-0,0000000134146117	8490287930
0,0119466000	0,000588022085	0,00179315467	1770600810000	0,00000189584180	527470,153	1770600810000	0,434656057	0,224988039	0,0206153182	-0,0000000120336205	8490285020
0,0119954000	0,000590625260	0,00174171222	1778439500000	0,00000196047760	510079,769	1778439500000	0,434769757	0,218533528	0,0207870082	-0,0000000120336205	8490285630
0,0120442000	0,000582090054	0,00169376851	1752738260000	0,00000198683683	503312,575	1752738260000	0,434395072	0,212518006	0,0209470210	-0,0000000196202657	8490283640
0,0120930000	0,000550069424	0,00164376153	1656317860000	0,00000193465737	516887,373	1656317860000	0,432938787	0,206243605	0,0211139201	-0,0000000301585375	8490276200
0,0121418000	0,000529474973	0,00159538841	1594304100000	0,00000191868604	521189,994	1594304100000	0,431956738	0,200174205	0,0212753661	-0,0000000321379689	8490271410
0,0121906000	0,000477128410	0,00154814974	1436679330000	0,00000178174713	561246,855	1436679330000	0,429277942	0,194247144	0,0214330260	-0,0000000431114422	8490259250
0,0122394000	0,000457656855	0,00150058274	1378047250000	0,00000176320719	567148,308	1378047250000	0,428205884	0,188278889	0,0215917816	-0,0000000471821133	8490254720
0,0122882000	0,000464837360	0,00145134473	1399668920000	0,00000185162880	540065,034	1399668920000	0,428606435	0,182100970	0,0217561142	-0,0000000431114422	8490256390
0,0123370000	0,000468408446	0,00140880555	1410422060000	0,00000192219403	520238,829	1410422060000	0,428803347	0,176763558	0,0218980894	-0,0000000431114422	8490257220
0,0123858000	0,000392960426	0,00134067301	1183236400000	0,00000169452446	590136,055	1183236400000	0,424284938	0,168214933	0,0221254828	0,0000000456077752	8490239690
0,0124346000	0,000349618719	0,00122058642	1052728600000	0,00000165594945	603883,155	1052728600000	0,421278963	0,153147606	0,0225262737	0,000000246320264	8490229620
0,0124834000	0,000337371216	0,00109015625	1015849800000	0,00000178912193	558933,387	1015849800000	0,420361831	0,136782466	0,0229615864	0,000000246320264	8490226780
0,0125322000	0,000313802639	0,000958396139	944881931000	0,00000189291746	528285,043	944881931000	0,418499362	0,120250457	0,0234013379	0,000000246320264	8490221310
0,0125810000	0,000292298167	0,000829751145	880129483000	0,00000203656322	491023,293	880129483000	0,416673799	0,104109303	0,0238306925	0,000000341316537	8490216310
0,0126298000	0,000284339101	0,000703038747	856163852000	0,00000233817393	427684,170	856163852000	0,415963900	0,0882106332	0,0242535972	0,000000341316537	8490214460
0,0126786000	0,000255526338	0,000580782529	769405587000	0,00000254355411	393150,661	769405587000	0,413216671	0,0728710826	0,0246616292	0,000000200402742	8490207770
0,0127274000	0,000195272250	0,000459170125	587975000000	0,00000245858046	406738,767	587975000000	0,406302702	0,0576123118	0,0250675125	0,000000343118532	8490193790
0,0127762000	0,000191752103	0,000336962907	577375548000	0,00000328984533	303965,652	577375548000	0,405835066	0,0422789092	0,0254753810	0,000000343118532	8490192970
0,0128250000	0,000149088986	0,000225502798	448913711000	0,00000382217109	261631,402	448913711000	0,399366280	0,0282939521	0,0258473809	0,000000618715552	8490183070
0,0128738000	0,0000777590997	0,000114377025	234135331000	0,00000393031487	254432,538	234135331000	0,382637860	0,0143509442	0,0262182649	-0,0000000570377228	8490166510
0,0129226000	0,0000479419622	0,00000849332641	144354682000	0,0000326326429	30644,1605	144354682000	0,370211005	0,00106566203	0,0265716534	-0,00000000533358289	8490159590
0,0129714000	0,0000476390810	-0,0000881242329	143442696000	0,00345556690	289,386431	143442696000	0,370048163	0,0000100000000	0,0265997340	0,0000000889942319	8490159520
0,0130202000	0,0000820041233	-0,000137019254	246917297000	0,00594829338	168,112580	246917297000	0,384003748	0,0000100000000	0,0265997340	-0,0000000678385449	8490167500
0,0130690000	0,0000783894359	-0,000164513354	236033303000	0,00568609551	175,864862	236033303000	0,382845325	0,0000100000000	0,0265997340	-0,0000000570377228	8490166660
0,0131178000	0,0000498501176	-0,000184030950	150100210000	0,00361594792	276,550893	150100210000	0,371213841	0,0000100000000	0,0265997340	-0,000000131028592	8490160040
0,0131666000	-0,0000203974776	-0,000199008192	-61417201400	-0,00147955424	   NaN	-61417201400	   NaN	0,0000100000000	0,0265997340	   NaN	   NaN
0,0132154000	-0,0000430588185	-0,000210849777	-129650789000	-0,00312331676	   NaN	-129650789000	   NaN	0,0000100000000	0,0265997340	   NaN	   NaN
0,0132642000	-0,0000937940113	-0,000222684219	-282414534000	-0,00680342983	   NaN	-282414534000	   NaN	0,0000100000000	0,0265997340	   NaN	   NaN
0,0133130000	-0,0000867494095	-0,000231445880	-261203275000	-0,00629244580	   NaN	-261203275000	   NaN	0,0000100000000	0,0265997340	   NaN	   NaN
0,0133618000	-0,0000740624297	-0,000239546390	-223002805000	-0,00537218788	   NaN	-223002805000	   NaN	0,0000100000000	0,0265997340	   NaN	   NaN
0,0134106000	-0,000100579678	-0,000243312008	-302846126000	-0,00729563149	   NaN	-302846126000	   NaN	0,0000100000000	0,0265997340	   NaN	   NaN
0,0134594000	-0,0000866292892	-0,000247278744	-260841593000	-0,00628373280	   NaN	-260841593000	   NaN	0,0000100000000	0,0265997340	   NaN	   NaN
0,0135082000	-0,0000727985620	-0,000250416948	-219197299000	-0,00528051238	   NaN	-219197299000	   NaN	0,0000100000000	0,0265997340	   NaN	   NaN
0,0135570000	-0,0000416936434	-0,000252952698	-125540234000	-0,00302429256	   NaN	-125540234000	   NaN	0,0000100000000	0,0265997340	   NaN	   NaN
0,0136058000	-0,0000245683797	-0,000253700812	-73975852900	-0,00178209498	   NaN	-73975852900	   NaN	0,0000100000000	0,0265997340	   NaN	   NaN
0,0136546000	-0,00000632317602	-0,000255160233	-19039219500	-0,000458659093	   NaN	-19039219500	   NaN	0,0000100000000	0,0265997340	   NaN	   NaN
0,0137034000	-0,000000231301461	-0,000255804606	-696453910	-0,0000167777318	   NaN	-696453910	   NaN	0,0000100000000	0,0265997340	   NaN	   NaN
0,0137522000	-0,00000204263458	-0,000254231001	-6150418170	-0,000148164961	   NaN	-6150418170	   NaN	0,0000100000000	0,0265997340	   NaN	   NaN
0,0138010000	0,0000194242699	-0,000252750878	58486972800	0,00140896437	709,740453	58486972800	0,346998482	0,0000100000000	0,0265997340	   NaN	8490152980
0,0138498000	0,0000341084798	-0,000255114746	102701581000	0,00247410425	404,185470	102701581000	0,361463789	0,0000100000000	0,0265997340	   NaN	8490156380
0,0138986000	0,0000700142318	-0,000254723344	210815184000	0,00507858532	196,902771	210815184000	0,379941881	0,0000100000000	0,0265997340	0,000000111391430	8490164720
0,0139474000	0,0000952351576	-0,000255835235	286756600000	0,00690803117	144,755727	286756600000	0,387847578	0,0000100000000	0,0265997340	-0,0000000752111620	8490170570
0,0139962000	0,0000903436922	-0,000254580669	272028148000	0,00655321944	152,593600	272028148000	0,386492578	0,0000100000000	0,0265997340	-0,0000000911276431	8490169430
0,0140450000	0,000105191137	-0,000254998310	316734584000	0,00763020758	131,054376	316734584000	0,390402780	0,0000100000000	0,0265997340	-0,000000117633588	8490172880
0,0140938000	0,000106439688	-0,000251658179	320494041000	0,00772077374	129,516998	320494041000	0,390706015	0,0000100000000	0,0265997340	-0,000000117633588	8490173170
0,0141426000	0,000123319513	-0,000248922177	371320168000	0,00894518660	111,787694	371320168000	0,394489027	0,0000100000000	0,0265997340	0,000000405669811	8490177080
0,0141914000	0,000118525443	-0,000247188993	356884938000	0,00859743865	116,309602	356884938000	0,393469983	0,0000100000000	0,0265997340	0,000000405669811	8490175970
0,0142402000	0,000125563401	-0,000247602727	378076653000	0,00910795186	109,789820	378076653000	0,394952465	0,0000100000000	0,0265997340	0,000000405669811	8490177610
0,0142890000	0,000130221542	-0,000246671937	392102601000	0,00944584011	105,862203	392102601000	0,395888655	0,0000100000000	0,0265997340	0,000000434846469	8490178690
0,0143378000	0,0000991213239	-0,000246564935	298458050000	0,00718992174	139,080122	298458050000	0,388875391	0,0000100000000	0,0265997340	-0,0000000961828545	8490171470
0,0143866000	0,0000915051250	-0,000247542301	275525280000	0,00663746615	150,656711	275525280000	0,386820836	0,0000100000000	0,0265997340	-0,0000000828166857	8490169700
0,0144354000	0,0000998275792	-0,000246583215	300584622000	0,00724115135	138,096111	300584622000	0,389057848	0,0000100000000	0,0265997340	-0,0000000961828545	8490171630
0,0144842000	0,000105753199	-0,000245866308	318426984000	0,00767097788	130,357800	318426984000	0,390539731	0,0000100000000	0,0265997340	-0,000000117633588	8490173010
0,0145330000	0,0000939584343	-0,000247651170	282912320000	0,00681542160	146,722791	282912320000	0,387500739	0,0000100000000	0,0265997340	-0,0000000828166857	8490170270
0,0145818000	0,0000787968669	-0,000250083794	237260096000	0,00571564924	174,955494	237260096000	0,382978538	0,0000100000000	0,0265997340	-0,0000000570377228	8490166750
0,0146306000	0,0000751893578	-0,000249867211	226397720000	0,00545397215	183,349971	226397720000	0,381774306	0,0000100000000	0,0265997340	-0,0000000291676549	8490165920
0,0146794000	0,0000712730130	-0,000248681194	214605430000	0,00516989321	193,425093	214605430000	0,380399764	0,0000100000000	0,0265997340	0,0000000417258631	8490165010
0,0147282000	0,0000815665953	-0,000248953666	245599879000	0,00591655649	169,014380	245599879000	0,383866276	0,0000100000000	0,0265997340	-0,0000000658701084	8490167400
0,0147770000	0,0000676120362	-0,000249119112	203582068000	0,00490433793	203,898746	203582068000	0,379044773	0,0000100000000	0,0265997340	0,0000000999371414	8490164160
0,0148258000	0,0000790687675	-0,000247637180	238078802000	0,00573537204	174,353839	238078802000	0,383067056	0,0000100000000	0,0265997340	-0,0000000570377228	8490166820
0,0148746000	0,0000678974961	-0,000246996418	204441600000	0,00492504426	203,041476	204441600000	0,379153033	0,0000100000000	0,0265997340	0,0000000999371414	8490164220
0,0149234000	0,0000619913151	-0,000246254095	186657838000	0,00449662942	222,386614	186657838000	0,376814614	0,0000100000000	0,0265997340	0,000000160827503	8490162850
0,0149722000	0,0000779924229	-0,000249968785	234837878000	0,00565729745	176,760116	234837878000	0,382714850	0,0000100000000	0,0265997340	-0,0000000570377228	8490166570
