Time_(s)	Photoconductance_Signal_(V)	Reference_Voltage_(V)	Apparent_Carrier_Density_(cm-3)	Tau_(s)	Inverse_Tau_Auger_Corrected_(s-1)	Minority_Carrier_Density_(cm-3)	Implied_Voc_(V)	Implied_Suns_(suns)	Photogeneration_(A/cm2)	Jo_(A/cm2)	ni_(cm-3)
0,000523600000	3,59454266	0,547529397	31020455500000000	0,0000743551684	9816,94878	31020455500000000	0,779929683	50,2513669	-1,31008636	-0,00000000000000874683508	9669737410
0,000622000000	3,51570281	0,523121434	30209199100000000	0,0000545161080	14837,2376	30209199100000000	0,778851309	66,7459991	-1,74884358	0,00000000000000142396935	9658796490
0,000720400000	3,42664775	0,497229951	29300138600000000	0,0000555807919	14625,1605	29300138600000000	0,777611801	63,4973814	-1,66243034	0,00000000000000935379401	9646413260
0,000818800000	3,33281997	0,471100861	28350727900000000	0,0000567076824	14410,9063	28350727900000000	0,776280190	60,2189510	-1,57522410	0,00000000000000935379401	9633337840
0,000917200000	3,23638475	0,446046108	27383859700000000	0,0000577905981	14224,0590	27383859700000000	0,774882770	57,0753183	-1,49160347	0,0000000000000156666501	9619868370
0,00101560000	3,14191881	0,422820620	26445485700000000	0,0000588275780	14056,1587	26445485700000000	0,773484110	54,1478790	-1,41373358	0,0000000000000207662557	9606643610
0,00111400000	3,04999370	0,400936250	25540642600000000	0,0000598675702	13890,9909	25540642600000000	0,772093278	51,3867391	-1,34028726	0,0000000000000249837565	9593745610
0,00121240000	2,95792714	0,379896802	24642583000000000	0,0000609043057	13733,7725	24642583000000000	0,770669263	48,7359126	-1,26977527	0,0000000000000284991083	9580799070
0,00131080000	2,86717143	0,359911057	23765296900000000	0,0000619507749	13578,6318	23765296900000000	0,769233446	46,2069573	-1,20250506	0,0000000000000644289207	9568008730
0,00140920000	2,77813812	0,341138574	22912345100000000	0,0000629746367	13433,1500	22912345100000000	0,767792191	43,8242752	-1,13912572	0,0000000000000633508652	9555434000
0,00150760000	2,69122522	0,323479933	22087029100000000	0,0000639841260	13294,0329	22087029100000000	0,766352252	41,5791812	-1,07940622	0,0000000000000625691035	9543132900
0,00160600000	2,60635647	0,306777903	21288086500000000	0,0000649896054	13158,4421	21288086500000000	0,764912895	39,4551407	-1,02290674	0,0000000000000621335546	9531096610
0,00170440000	2,52323670	0,290971342	20512259200000000	0,0000659860599	13027,6670	20512259200000000	0,763469460	37,4431321	-0,969387314	0,0000000000000618883688	9519285080
0,00180280000	2,44254763	0,276093706	19765399300000000	0,0000669756779	12900,0889	19765399300000000	0,762034414	35,5467047	-0,918942344	0,0000000000000616860203	9507797150
0,00190120000	2,36322507	0,261984356	19037202600000000	0,0000679489226	12778,8004	19037202600000000	0,760589256	33,7467090	-0,871062461	0,0000000000000616187212	9496483130
0,00199960000	2,28661700	0,248660101	18339571800000000	0,0000689340529	12655,8942	18339571800000000	0,759159213	32,0454408	-0,825808726	0,0000000000000616262285	9485537220
0,00209800000	2,21154983	0,236052549	17661341900000000	0,0000698979580	12539,6330	17661341900000000	0,757723214	30,4347740	-0,782964988	0,0000000000000617704695	9474793710
0,00219640000	2,13859519	0,224167991	17007278100000000	0,0000708460967	12427,8527	17007278100000000	0,756292676	28,9154368	-0,742550619	0,0000000000000619556198	9464336160
0,00229480000	2,06755405	0,212982844	16375169700000000	0,0000717642836	12323,2247	16375169700000000	0,754864500	27,4845307	-0,704488517	0,0000000000000622680910	9454137890
0,00239320000	1,99859688	0,202361639	15766123200000000	0,0000726908660	12217,8274	15766123200000000	0,753442966	26,1249787	-0,668324433	0,0000000000000625852155	9444225190
0,00249160000	1,93158363	0,192322480	15178501400000000	0,0000736038267	12115,9693	15178501400000000	0,752026137	24,8393011	-0,634125410	0,0000000000000628991779	9434579710
0,00259000000	1,86715052	0,182845629	14617451000000000	0,0000745255700	12012,7702	14617451000000000	0,750628905	23,6252935	-0,601832807	0,0000000000000632401672	9425294880
0,00268840000	1,80404282	0,173897739	14071683800000000	0,0000754049144	11918,5837	14071683800000000	0,749225081	22,4779804	-0,571314279	0,0000000000000636813567	9416191550
0,00278680000	1,74320711	0,165405607	13549063500000000	0,0000763016608	11821,6514	13549063500000000	0,747836582	21,3887872	-0,542341739	0,0000000000000641747698	9407407770
0,00288520000	1,68394292	0,157356066	13043238800000000	0,0000771796104	11728,9280	13043238800000000	0,746448562	20,3560605	-0,514871210	0,0000000000000647098667	9398843930
0,00298360000	1,62667511	0,149712823	12557536500000000	0,0000780693706	11634,7540	12557536500000000	0,745071969	19,3746845	-0,488766609	0,0000000000000651968890	9390562830
0,00308200000	1,57070436	0,142484103	12085756900000000	0,0000789176531	11548,4452	12085756900000000	0,743690802	18,4463551	-0,464073046	0,0000000000000657320760	9382464620
0,00318040000	1,51630077	0,135618669	11629950100000000	0,0000797541308	11464,6321	11629950100000000	0,742312199	17,5644897	-0,440615427	0,0000000000000661974080	9374589610
0,00327880000	1,46418792	0,129119043	11195884900000000	0,0000806118156	11377,4702	11195884900000000	0,740956046	16,7290236	-0,418392028	0,0000000000000666833473	9367043750
0,00337720000	1,41268966	0,122934977	10769384600000000	0,0000814109852	11300,6565	10769384600000000	0,739579369	15,9337774	-0,397238479	0,0000000000000671227980	9359585420
0,00347560000	1,36341122	0,117065160	10363540500000000	0,0000822398980	11219,1938	10363540500000000	0,738225754	15,1787657	-0,377155167	0,0000000000000676451563	9352448130
0,00357400000	1,31595957	0,111542248	9974837640000000	0,0000830437907	11141,6384	9974837640000000	0,736886507	14,4680347	-0,358249722	0,0000000000000681426481	9345575900
0,00367240000	1,26976064	0,106273462	9598368900000000	0,0000838422298	11065,4766	9598368900000000	0,735546561	13,7894038	-0,340198140	0,0000000000000687545553	9338886440
0,00377080000	1,22502312	0,101265861	9235660580000000	0,0000846338931	10990,6670	9235660580000000	0,734212776	13,1442108	-0,323036008	0,0000000000000692400575	9332410760
0,00386920000	1,18200608	0,0965534797	8888616130000000	0,0000854018659	10919,2640	8888616130000000	0,732894356	12,5365392	-0,306871942	0,0000000000000696891221	9326187030
0,00396760000	1,14040505	0,0920516443	8554592300000000	0,0000861860118	10845,9730	8554592300000000	0,731583514	11,9556558	-0,291420444	0,0000000000000701692690	9320171760
0,00406600000	1,09978876	0,0877915718	8229987670000000	0,0000869099099	10781,3576	8229987670000000	0,730267357	11,4061941	-0,276804762	0,0000000000000705998336	9314303190
0,00416440000	1,06037912	0,0837303500	7916452690000000	0,0000876240410	10718,2576	7916452690000000	0,728953566	10,8822378	-0,262867527	0,0000000000000709398265	9308613930
0,00426280000	1,02268557	0,0798825850	7617883000000000	0,0000883539294	10652,9524	7617883000000000	0,727660740	10,3853061	-0,249649141	0,0000000000000712178301	9303177860
0,00436120000	0,986196377	0,0762083643	7330073450000000	0,0000890868915	10587,5407	7330073450000000	0,726373072	9,91072423	-0,237025264	0,0000000000000714547370	9297921400
0,00445960000	0,950820154	0,0727347645	7052187240000000	0,0000897733870	10528,2512	7052187240000000	0,725088316	9,46209043	-0,225091605	0,0000000000000718530867	9292831670
0,00455800000	0,916789289	0,0694282806	6785931140000000	0,0000904688052	10467,8745	6785931140000000	0,723816221	9,03486077	-0,213727296	0,0000000000000723353093	9287942280
0,00465640000	0,883476007	0,0662897414	6526296840000000	0,0000911012156	10415,5851	6526296840000000	0,722534094	8,62886197	-0,202927728	0,0000000000000728562575	9283163220
0,00475480000	0,851681778	0,0633000383	6279430030000000	0,0000917689954	10358,7878	6279430030000000	0,721273965	8,24204761	-0,192638467	0,0000000000000733742685	9278609540
0,00485320000	0,820920112	0,0604773551	6041442570000000	0,0000923859349	10308,1178	6041442570000000	0,720018399	7,87672465	-0,182920876	0,0000000000000737011906	9274211450
0,00495160000	0,791374666	0,0577581902	5813661580000000	0,0000930586259	10250,8863	5813661580000000	0,718776363	7,52495631	-0,173563838	0,0000000000000739056648	9269995090
0,00505000000	0,762318220	0,0551823686	5590411510000000	0,0000936324279	10205,4972	5590411510000000	0,717517846	7,19164702	-0,164697811	0,0000000000000743417356	9265856730
0,00514840000	0,734480707	0,0527354468	5377233890000000	0,0000942132420	10159,0767	5377233890000000	0,716275139	6,87476487	-0,156268745	0,0000000000000746007535	9261900330
0,00524680000	0,707544934	0,0503960112	5171619600000000	0,0000947877415	10113,3657	5171619600000000	0,715035671	6,57181407	-0,148210254	0,0000000000000747836618	9258080520
0,00534520000	0,681749072	0,0481454785	4975312740000000	0,0000954214071	10060,9833	4975312740000000	0,713811997	6,28037302	-0,140457922	0,0000000000000744587042	9254430790
0,00544360000	0,656772217	0,0460071934	4785802850000000	0,0000960207118	10012,5448	4785802850000000	0,712590449	6,00344800	-0,133091717	0,0000000000000743693428	9250905390
0,00554200000	0,632213298	0,0439652884	4600004830000000	0,0000965476002	9972,25893	4600004830000000	0,711351464	5,73888702	-0,126054395	0,0000000000000742701603	9247447690
0,00564040000	0,608821493	0,0420152554	4423534650000000	0,0000971227333	9926,56049	4423534650000000	0,710133794	5,48604554	-0,119328811	0,0000000000000742276444	9244162920
0,00573880000	0,585945280	0,0401588708	4251423790000000	0,0000976279194	9888,45503	4251423790000000	0,708904805	5,24531091	-0,112925270	0,0000000000000740287647	9240959220
0,00583720000	0,563945538	0,0384057336	4086344800000000	0,0000980898888	9854,69722	4086344800000000	0,707684580	5,01789579	-0,106876028	0,0000000000000735935035	9237886890
0,00593560000	0,542989953	0,0367155325	3929499540000000	0,0000986316384	9812,39793	3929499540000000	0,706484640	4,79879133	-0,101047849	0,0000000000000729393524	9234968740
0,00603400000	0,522395712	0,0351100480	3775737510000000	0,0000990748585	9780,40893	3775737510000000	0,705266854	4,59038598	-0,0955042670	0,0000000000000724742039	9232109320
0,00613240000	0,502662483	0,0335908254	3628755930000000	0,0000994957443	9750,43473	3628755930000000	0,704061362	4,39302955	-0,0902545859	0,0000000000000721202667	9229377720
0,00623080000	0,483471295	0,0321462968	3486141770000000	0,0000998527973	9726,78874	3486141770000000	0,702849884	4,20528738	-0,0852606443	0,0000000000000710912905	9226729360
0,00632920000	0,465162009	0,0307315685	3350384390000000	0,000100351845	9688,64095	3350384390000000	0,701655321	4,02142661	-0,0803699479	0,0000000000000700658138	9224210650
0,00642760000	0,447280032	0,0293832715	3218080900000000	0,000100776250	9657,99005	3218080900000000	0,700449215	3,84635740	-0,0757131069	0,0000000000000689559429	9221758590
0,00652600000	0,430066167	0,0280889472	3090986940000000	0,000101219521	9625,36349	3090986940000000	0,699248448	3,67827135	-0,0712420180	0,0000000000000674963483	9219405860
0,00662440000	0,413366617	0,0268593237	2967939810000000	0,000101605935	9598,23788	2967939810000000	0,698043330	3,51841354	-0,0669898001	0,0000000000000665437281	9217131010
0,00672280000	0,397305873	0,0256874967	2849831260000000	0,000101979359	9572,19222	2849831260000000	0,696843926	3,36602810	-0,0629363475	0,0000000000000653939311	9214950530
0,00682120000	0,381813192	0,0245723886	2736115270000000	0,000102321054	9549,03598	2736115270000000	0,695646379	3,22092234	-0,0590765343	0,0000000000000637222086	9212854340
0,00691960000	0,366898296	0,0235098565	2626839640000000	0,000102641572	9527,70403	2626839640000000	0,694452797	3,08262814	-0,0553979084	0,0000000000000612304355	9210843230
0,00701800000	0,352315598	0,0225005125	2520186960000000	0,000102862483	9515,71940	2520186960000000	0,693244032	2,95111836	-0,0518997484	0,0000000000000591669060	9208883750
0,00711640000	0,338378828	0,0215340739	2418432940000000	0,000103112684	9500,63347	2418432940000000	0,692047025	2,82509351	-0,0485474873	0,0000000000000568164653	9207017630
0,00721480000	0,324828442	0,0205891648	2319663470000000	0,000103407832	9481,18440	2319663470000000	0,690840786	2,70198180	-0,0452727158	0,0000000000000547359618	9205209650
0,00731320000	0,311833226	0,0196921131	2225092010000000	0,000103673613	9464,25373	2225092010000000	0,689641392	2,58517895	-0,0421657600	0,0000000000000528142312	9203481880
0,00741160000	0,299381560	0,0188335272	2134615150000000	0,000103953632	9445,77294	2134615150000000	0,688449774	2,47337969	-0,0391918997	0,0000000000000504091308	9201832220
0,00751000000	0,287235998	0,0180073468	2046493460000000	0,000104200452	9430,27566	2046493460000000	0,687244107	2,36565619	-0,0363264546	0,0000000000000489492467	9200228830
0,00760840000	0,275668655	0,0172344267	1962687180000000	0,000104381668	9420,53086	1962687180000000	0,686052669	2,26484104	-0,0336447717	0,0000000000000477977015	9198707180
0,00770680000	0,264516039	0,0164887095	1881996590000000	0,000104581441	9408,87530	1881996590000000	0,684860672	2,16757973	-0,0310576207	0,0000000000000447620445	9197245250
0,00780520000	0,253633976	0,0157650694	1803368440000000	0,000104778220	9397,37924	1803368440000000	0,683653132	2,07311942	-0,0285449765	0,0000000000000403901912	9195823820
0,00790360000	0,242987479	0,0150678813	1726542650000000	0,000104909195	9391,76511	1726542650000000	0,682425537	1,98232394	-0,0261298168	0,0000000000000363016137	9194438120
0,00800200000	0,232860984	0,0144049646	1653561220000000	0,000105055398	9384,47438	1653561220000000	0,681211774	1,89588843	-0,0238306322	0,0000000000000339609767	9193124800
0,00810040000	0,223144988	0,0137707206	1583622530000000	0,000105211481	9376,06886	1583622530000000	0,680001200	1,81300671	-0,0216259785	0,0000000000000284830244	9191869130
0,00819880000	0,213476123	0,0131557991	1514105010000000	0,000105248343	9378,41184	1514105010000000	0,678747760	1,73281261	-0,0194928154	0,0000000000000207276592	9190623960
0,00829720000	0,204483312	0,0125588176	1449521510000000	0,000105490832	9361,83252	1449521510000000	0,677534398	1,65508696	-0,0174253132	0,0000000000000130469875	9189469920
0,00839560000	0,195716596	0,0119926716	1386629740000000	0,000105634366	9354,06792	1386629740000000	0,676303408	1,58112480	-0,0154579197	0,00000000000000413335948	9188348750
0,00849400000	0,186994185	0,0114537789	1324122400000000	0,000105589440	9363,17353	1324122400000000	0,675027150	1,51049231	-0,0135790955	0,000000000000000506567053	9187237130
0,00859240000	0,178959667	0,0109566865	1266603450000000	0,000105557080	9370,74345	1266603450000000	0,673801900	1,44532052	-0,0118455259	0,000000000000000101441621	9186216680
0,00869080000	0,171262689	0,0104684548	1211553770000000	0,000105648962	9366,96549	1211553770000000	0,672579339	1,38130100	-0,0101426066	0,00000000000000294779004	9185242320
0,00878920000	0,163590855	0,0100024602	1156735330000000	0,000105536890	9381,45461	1156735330000000	0,671308860	1,32020259	-0,00851738882	0,00000000000000720887487	9184274350
0,00888760000	0,156057257	0,00955402944	1102954590000000	0,000105308336	9406,36850	1102954590000000	0,670006037	1,26155372	-0,00695732906	0,0000000000000143295702	9183327010
0,00898600000	0,149179100	0,00912255122	1053896100000000	0,000105344839	9407,04190	1053896100000000	0,668764176	1,20502319	-0,00545361690	0,0000000000000238609849	9182464910
0,00908440000	0,142651568	0,00869809186	1007376570000000	0,000105563311	9391,15171	1007376570000000	0,667534967	1,14944902	-0,00397534398	0,0000000000000343523164	9181649280
0,00918280000	0,136184283	0,00828762124	961323017000000	0,000105679187	9384,48005	961323017000000	0,666263846	1,09569770	-0,00254555872	0,0000000000000471488343	9180843670
0,00928120000	0,130031020	0,00789194441	917539425000000	0,000105895974	9368,63843	917539425000000	0,665000529	1,04365307	-0,00116117165	0,0000000000000541307896	9180079500
0,00937960000	0,123975916	0,00750738076	874486479000000	0,000106073992	9356,25951	874486479000000	0,663701022	0,993013282	0,000185846699	0,0000000000000624816202	9179329780
0,00947800000	0,118124312	0,00713480448	832910775000000	0,000106259585	9343,14198	832910775000000	0,662386816	0,944150516	0,00148559628	0,0000000000000616609030	9178607430
0,00957640000	0,112374975	0,00678101031	792090714000000	0,000106265014	9345,94736	792090714000000	0,661034004	0,897832847	0,00271764626	0,0000000000000600540564	9177899800
0,00967480000	0,107080736	0,00645410293	754527259000000	0,000106309692	9345,01538	754527259000000	0,659728773	0,854895328	0,00385978426	0,0000000000000625272535	9177250070
0,00977320000	0,102204142	0,00614575281	719948637000000	0,000106495115	9331,41945	719948637000000	0,658470923	0,814296746	0,00493970655	0,0000000000000769561917	9176653220
0,00987160000	0,0976637219	0,00585405015	687772335000000	0,000106770912	9309,75239	687772335000000	0,657247178	0,775894407	0,00596120876	0,0000000000000984621773	9176098920
0,00997000000	0,0929341461	0,00558566406	654274615000000	0,000106432348	9342,23964	654274615000000	0,655913173	0,740452662	0,00690395918	0,000000000000140108867	9175523000
0,0100684000	0,0885092610	0,00529963907	622952511000000	0,000106777939	9314,34939	622952511000000	0,654604837	0,702723175	0,00790756355	0,000000000000178232551	9174985560
0,0101668000	0,0843220172	0,00504547956	593328254000000	0,000106808653	9314,03893	593328254000000	0,653307597	0,669112990	0,00880159445	0,000000000000228518546	9174478220
0,0102652000	0,0803006048	0,00479225793	564891581000000	0,000107012879	9298,45854	564891581000000	0,652002036	0,635828405	0,00968696444	0,000000000000282752079	9173992120
0,0103636000	0,0764694946	0,00455057746	537813667000000	0,000107230172	9281,70061	537813667000000	0,650698289	0,604123461	0,0105303159	0,000000000000347457315	9173530090
0,0104620000	0,0725955492	0,00428721140	510445966000000	0,000107945415	9222,11068	510445966000000	0,649314225	0,569582251	0,0114491121	0,000000000000412488672	9173063960
0,0105604000	0,0689843216	0,00405875668	484945992000000	0,000108297675	9194,03016	484945992000000	0,647958156	0,539367921	0,0122528133	0,000000000000453528268	9172630410
0,0106588000	0,0656131773	0,00382229928	461151543000000	0,000109269535	9113,81890	461151543000000	0,646628721	0,508341354	0,0130781200	0,000000000000502034848	9172226540
0,0107572000	0,0622590419	0,00362652356	437486942000000	0,000109232944	9118,79047	437486942000000	0,645238565	0,482416691	0,0137677160	0,000000000000536817952	9171825530
0,0108556000	0,0592403043	0,00341967405	416197045000000	0,000110143545	9044,82000	416197045000000	0,643923770	0,455146087	0,0144931141	0,000000000000576085298	9171465340
0,0109540000	0,0563123582	0,00323106576	395555021000000	0,000110763402	8995,67552	395555021000000	0,642584737	0,430151543	0,0151579690	0,000000000000638898574	9171116640
0,0110524000	0,0537390567	0,00306392120	377419388000000	0,000111479173	8939,17081	377419388000000	0,641350692	0,407794474	0,0157526670	0,000000000000729488522	9170810700
0,0111508000	0,0510668007	0,00290712587	358592446000000	0,000111661802	8926,01876	358592446000000	0,640006662	0,386818623	0,0163106246	0,000000000000793764772	9170493530
0,0112492000	0,0485522182	0,00275653805	340882028000000	0,000112002803	8900,18286	340882028000000	0,638677714	0,366594618	0,0168485832	0,000000000000897474428	9170195580
0,0113476000	0,0462943715	0,00261432100	324984499000000	0,000112640692	8850,90576	324984499000000	0,637425847	0,347518721	0,0173560020	0,00000000000102982585	9169928470
0,0114460000	0,0440290461	0,00247657753	309038757000000	0,000113091790	8816,78357	309038757000000	0,636108319	0,329149152	0,0178446326	0,00000000000123713966	9169660860
0,0115444000	0,0419542398	0,00233990223	294437998000000	0,000114038744	8744,53979	294437998000000	0,634842010	0,310994209	0,0183275540	0,00000000000147245679	9169416120
0,0116428000	0,0400540419	0,00220110170	281069263000000	0,000115693687	8620,18665	281069263000000	0,633627223	0,292627114	0,0188161188	0,00000000000171786341	9169192270
0,0117412000	0,0382749727	0,00208252081	268555563000000	0,000116851977	8535,52218	268555563000000	0,632437502	0,276827326	0,0192363931	0,00000000000199557127	9168982950
0,0118396000	0,0367039756	0,00199662339	257507693000000	0,000116931459	8530,60108	257507693000000	0,631340890	0,265258746	0,0195441174	0,00000000000234316059	9168798310
0,0119380000	0,0350303441	0,00188904095	245740413000000	0,000117929162	8459,20429	245740413000000	0,630120699	0,250995677	0,0199235150	0,00000000000306015399	9168601840
0,0120364000	0,0335179206	0,00177110595	235108674000000	0,000120306395	8292,51113	235108674000000	0,628967693	0,235391519	0,0203385856	0,00000000000346192791	9168424480
0,0121348000	0,0320863345	0,00166481537	225047019000000	0,000122501706	8144,37046	225047019000000	0,627828147	0,221279916	0,0207139542	0,00000000000381486982	9168256770
0,0122332000	0,0306922775	0,00157336595	215250838000000	0,000123989247	8047,23128	215250838000000	0,626669310	0,209108506	0,0210377138	0,00000000000424978202	9168093620
0,0123316000	0,0292431083	0,00148911717	205069165000000	0,000124787733	7996,45299	205069165000000	0,625408340	0,197942631	0,0213347260	0,00000000000515894749	9167924180
0,0124300000	0,0279319692	0,00139144990	195858844000000	0,000127459554	7829,22154	195858844000000	0,624213215	0,185089449	0,0216766206	0,00000000000594080874	9167771030
0,0125284000	0,0266661674	0,00128856845	186968416000000	0,000131306891	7600,06726	186968416000000	0,623005706	0,171510851	0,0220378114	0,00000000000718172505	9167623310
0,0126268000	0,0256471617	0,00119747654	179812383000000	0,000135830698	7347,01103	179812383000000	0,621991785	0,159452942	0,0223585517	0,00000000000804368724	9167504490
0,0127252000	0,0246673440	0,00112118379	172932400000000	0,000139539760	7151,88342	172932400000000	0,620978618	0,149275753	0,0226292650	0,00000000000892366014	9167390310
0,0128236000	0,0237455226	0,00107066418	166460410000000	0,000140880946	7084,18846	166460410000000	0,619988442	0,142321192	0,0228142563	0,00000000000929950367	9167282970
0,0129220000	0,0228347747	0,00102000832	160066889000000	0,000142373889	7010,27961	160066889000000	0,618972119	0,135419755	0,0229978345	0,0000000000101446687	9167176980
0,0130204000	0,0220285153	0,000959986205	154407485000000	0,000146019495	6835,38405	154407485000000	0,618038371	0,127370361	0,0232119484	0,0000000000111877262	9167083220
0,0131188000	0,0213591750	0,000892074395	149709590000000	0,000152316124	6552,66168	149709590000000	0,617237139	0,118389889	0,0234508290	0,0000000000120578180	9167005410
0,0132172000	0,0206896562	0,000821148730	145010831000000	0,000160076982	6234,74839	145010831000000	0,616410440	0,109114489	0,0236975546	0,0000000000125037968	9166927630
0,0133156000	0,0200781660	0,000751469221	140719663000000	0,000169557437	5885,81288	140719663000000	0,615631918	0,0999651942	0,0239409258	0,0000000000141108013	9166856610
0,0134140000	0,0194199741	0,000692112465	136101126000000	0,000177947297	5608,12726	136101126000000	0,614767254	0,0921257832	0,0241494542	0,0000000000153820938	9166780210
0,0135124000	0,0187120128	0,000649449959	131133775000000	0,000182695975	5462,46862	131133775000000	0,613804187	0,0864562620	0,0243002634	0,0000000000173375642	9166698080
0,0136108000	0,0181680056	0,000613413484	127317090000000	0,000187771870	5314,81974	127317090000000	0,613039298	0,0816708439	0,0244275556	0,0000000000197290379	9166634990
0,0137092000	0,0176020099	0,000583285256	123346408000000	0,000191319045	5216,40656	123346408000000	0,612219010	0,0776567434	0,0245343306	0,0000000000204282541	9166569380
0,0138076000	0,0171313073	0,000555569954	120044457000000	0,000195487420	5105,22621	120044457000000	0,611516662	0,0739663463	0,0246324952	0,0000000000215524079	9166514840
0,0139060000	0,0167402717	0,000517668981	117301511000000	0,000204891755	4870,65959	117301511000000	0,610918478	0,0689588474	0,0247656947	0,0000000000224224765	9166469540
0,0140044000	0,0163012514	0,000486842797	114222131000000	0,000212234638	4702,05404	114222131000000	0,610230150	0,0648253489	0,0248756457	0,0000000000231735403	9166418700
0,0141028000	0,0158331965	0,000451354133	110939280000000	0,000222111418	4492,80379	110939280000000	0,609475743	0,0601624243	0,0249996795	0,0000000000240604223	9166364510
0,0142012000	0,0155007693	0,000408691883	108607812000000	0,000239611961	4164,16589	108607812000000	0,608926377	0,0545963291	0,0251477376	0,0000000000241468597	9166326040
0,0142996000	0,0150927501	0,000371554699	105746313000000	0,000256040835	3896,61510	105746313000000	0,608235880	0,0497469969	0,0252767299	0,0000000000253820771	9166278830
0,0143980000	0,0147645932	0,000333941461	103445005000000	0,000277779634	3591,15443	103445005000000	0,607666955	0,0448559433	0,0254068319	0,0000000000268014898	9166240870
0,0144964000	0,0144681897	0,000296347791	101366458000000	0,000305814003	3261,31197	101366458000000	0,607142186	0,0399252619	0,0255379880	0,0000000000268677364	9166206600
0,0145948000	0,0140786316	0,000266640930	98634774900000	0,000330276980	3019,33849	98634774900000	0,606436018	0,0359718376	0,0256431491	0,0000000000273773656	9166161560
0,0146932000	0,0137541058	0,000238143630	96359215600000	0,000360345127	2766,88266	96359215600000	0,605832760	0,0322096105	0,0257432244	0,0000000000277992811	9166124050
0,0147916000	0,0135145987	0,000209577058	94679862500000	0,000400687437	2487,61549	94679862500000	0,605378405	0,0284618262	0,0258429154	0,0000000000278526858	9166096370
0,0148900000	0,0132031495	0,000184515560	92496146300000	0,000442872537	2250,07179	92496146300000	0,604775458	0,0251568210	0,0259308286	0,0000000000267163428	9166060380
0,0149884000	0,0130925717	0,000162661802	91720853600000	0,000495148039	2011,74813	91720853600000	0,604557982	0,0223122771	0,0260064934	0,0000000000261748125	9166047610
0,0150868000	0,0129207301	0,000144908590	90516044200000	0,000546103946	1823,40336	90516044200000	0,604216368	0,0199646234	0,0260689410	0,0000000000259036597	9166027760
0,0151852000	0,0127646832	0,000133989875	89421996200000	0,000583658354	1705,67208	89421996200000	0,603902220	0,0184542554	0,0261091168	0,0000000000254391050	9166009740
0,0152836000	0,0125984266	0,000125067826	88256390800000	0,000616215928	1615,24561	88256390800000	0,603563290	0,0172513908	0,0261411130	0,0000000000251136683	9165990540
0,0153820000	0,0124431682	0,000122043876	87167914500000	0,000625236560	1591,92292	87167914500000	0,603242744	0,0167928018	0,0261533115	0,0000000000240812728	9165972610
0,0154804000	0,0122735274	0,000114067934	85978630300000	0,000657184633	1514,26956	85978630300000	0,602887926	0,0157584680	0,0261808248	0,0000000000227860846	9165953030
0,0155788000	0,0120812928	0,000109699346	84630980700000	0,000670646336	1483,83812	84630980700000	0,602479913	0,0152001085	0,0261956771	0,0000000000215234526	9165930830
0,0156772000	0,0118953932	0,0000987850725	83327772300000	0,000725346080	1371,49991	83327772300000	0,602079160	0,0138374280	0,0262319244	0,0000000000204682096	9165909380
0,0157756000	0,0117269426	0,0000910487960	82146911900000	0,000767970183	1295,07984	82146911900000	0,601710609	0,0128842088	0,0262572800	0,0000000000200240991	9165889940
0,0158740000	0,0115450641	0,0000838838879	80871948200000	0,000815287309	1219,61359	80871948200000	0,601306723	0,0119480792	0,0262821811	0,0000000000186358280	9165868950
0,0159724000	0,0113788427	0,0000764484793	79706765800000	0,000873878163	1137,47346	79706765800000	0,600932033	0,0109863940	0,0263077619	0,0000000000184133802	9165849770
0,0160708000	0,0112090540	0,0000689505381	78516601500000	0,000947724708	1048,40709	78516601500000	0,600543640	0,00997907211	0,0263345567	0,0000000000172171875	9165830180
0,0161692000	0,0111225905	0,0000579489708	77910529200000	0,00110446260	898,716593	77910529200000	0,600343600	0,00849681202	0,0263739848	0,0000000000165334774	9165820210
0,0162676000	0,0108638100	0,0000411293722	76096628900000	0,00144838257	683,875472	76096628900000	0,599735517	0,00632838653	0,0264316649	0,0000000000160147219	9165790360
0,0163660000	0,0107554578	0,0000262574397	75337160000000	0,00205778722	479,472412	75337160000000	0,599476621	0,00440980767	0,0264826991	0,0000000000150284080	9165777870
0,0164644000	0,0106374651	0,0000168109853	74510130500000	0,00284866228	344,624506	74510130500000	0,599191722	0,00315054169	0,0265161956	0,0000000000147755142	9165764260
0,0165628000	0,0105042328	0,00000830272188	73576298400000	0,00432428242	224,912745	73576298400000	0,598866222	0,00204943786	0,0265454850	0,0000000000135792481	9165748900
0,0166612000	0,0104461627	0,00000176364405	73169287100000	0,00727767594	131,100994	73169287100000	0,598723064	0,00121100791	0,0265677872	0,0000000000133488206	9165742200
0,0167596000	0,0103872842	0,000000679399735	72756612100000	0,00871349592	108,493457	72756612100000	0,598577102	0,00100575200	0,0265732470	0,0000000000119788161	9165735420
0,0168580000	0,0102406289	-0,00000508522383	71728730000000	0,00943489029	99,8044021	71728730000000	0,598209930	0,000915729401	0,0265756416	0,0000000000118221180	9165718510
0,0169564000	0,0101717470	-0,0000113347992	71245955500000	0,00904723029	104,386237	71245955500000	0,598035666	0,000948539544	0,0265747688	0,0000000000116570545	9165710570
0,0170548000	0,0100822648	-0,0000138589814	70618804400000	0,00931201857	101,295694	70618804400000	0,597807522	0,000913455506	0,0265757021	0,0000000000109147545	9165700250
0,0171532000	0,00992176058	-0,0000239080149	69493901100000	0,00954191333	98,8024320	69493901100000	0,597393207	0,000877247411	0,0265766652	0,00000000000949452391	9165681760
0,0172516000	0,00987204989	-0,0000337174273	69145505300000	0,00952551728	99,0119620	69145505300000	0,597263533	0,000874351897	0,0265767422	0,00000000000949452391	9165676030
0,0173500000	0,00975396138	-0,0000498177684	68317894400000	0,00982520628	95,8790556	68317894400000	0,596952867	0,000837536353	0,0265777215	0,00000000000889629610	9165662420
0,0174484000	0,00954275863	-0,0000639948542	66837732200000	0,0104339146	90,0652117	66837732200000	0,596387787	0,000771587704	0,0265794758	0,00000000000715740502	9165638080
0,0175468000	0,00944344318	-0,0000787782511	66141717900000	0,0104109511	90,3348903	66141717900000	0,596117748	0,000765236957	0,0265796447	0,00000000000703348014	9165626640
0,0176452000	0,00938147134	-0,0000820185743	65707416200000	0,0102546769	91,8350418	65707416200000	0,595947810	0,000771797346	0,0265794702	0,00000000000646686940	9165619500
0,0177436000	0,00934497105	-0,0000838093556	65451622000000	0,0101093859	93,2579649	65451622000000	0,595847197	0,000779841801	0,0265792562	0,00000000000635116531	9165615300
0,0178420000	0,00927193228	-0,0000769352219	64939769400000	0,00999797914	94,4030837	64939769400000	0,595644684	0,000782364951	0,0265791891	0,00000000000571535079	9165606880
0,0179404000	0,00923382684	-0,0000789097157	64672729900000	0,0111097022	84,4166610	64672729900000	0,595538399	0,000701180203	0,0265813486	0,00000000000560480086	9165602490
0,0180388000	0,00922549917	-0,0000757478399	64614370500000	0,0121564851	76,6707578	64614370500000	0,595515113	0,000640224023	0,0265829700	0,00000000000560480086	9165601530
0,0181372000	0,00909173050	-0,0000781384922	63676942700000	0,0126046979	73,8242111	63676942700000	0,595138171	0,000608500071	0,0265838139	0,00000000000497283903	9165586130
0,0182356000	0,00895865814	-0,0000860252589	62744409900000	0,0132196328	70,2119742	62744409900000	0,594757673	0,000571697798	0,0265847928	0,00000000000394390840	9165570800
0,0183340000	0,00886085810	-0,0000939170590	62059065200000	0,0141450840	65,3203363	62059065200000	0,594474426	0,000528458113	0,0265859430	0,00000000000324073953	9165559540
0,0184324000	0,00878436774	-0,000102297989	61523056100000	0,0155263895	59,0758456	61523056100000	0,594250717	0,000477285559	0,0265873042	0,00000000000314069842	9165550730
0,0185308000	0,00873974737	-0,000109235676	61210379600000	0,0146650604	62,8848986	61210379600000	0,594119321	0,000502750009	0,0265866268	0,00000000000244070373	9165545590
0,0186292000	0,00863015363	-0,000117713306	60442410500000	0,0147577410	62,5211273	60442410500000	0,593793736	0,000493324588	0,0265868776	0,00000000000234394189	9165532970
0,0187276000	0,00865980946	-0,000118033105	60650220200000	0,0178595408	50,7351137	60650220200000	0,593882243	0,000409046768	0,0265891194	0,00000000000234394189	9165536390
0,0188260000	0,00862606231	-0,000118191498	60413741100000	0,0204823243	43,5850704	60413741100000	0,593781502	0,000355277221	0,0265905496	0,00000000000234394189	9165532500
0,0189244000	0,00866116168	-0,000115672108	60659695800000	0,0225399127	39,1075812	60659695800000	0,593886271	0,000324159587	0,0265913774	0,00000000000234394189	9165536540
0,0190228000	0,00864615590	-0,000118523542	60554544400000	0,0222945022	39,6047724	60554544400000	0,593841532	0,000327159723	0,0265912976	0,00000000000234394189	9165534820
0,0191212000	0,00854941370	-0,000122974422	59876638800000	0,0218848823	40,5012304	59876638800000	0,593551226	0,000329552089	0,0265912339	0,00000000000123595614	9165523680
0,0192196000	0,00852822379	-0,000123399060	59728154900000	0,0207521887	43,0077460	59728154900000	0,593487203	0,000346677823	0,0265907784	0,00000000000123595614	9165521240
0,0193180000	0,00849871170	-0,000128305606	59521355800000	0,0193519393	46,5118349	59521355800000	0,593397770	0,000370475243	0,0265901454	0,00000000000122231783	9165517840
0,0194164000	0,00843524742	-0,000131234106	59076647100000	0,0177076227	51,3476394	59076647100000	0,593204397	0,000401852291	0,0265893107	0,00000000000122231783	9165510530
0,0195148000	0,00840422421	-0,000133735051	58859261600000	0,0153113170	60,2042175	58859261600000	0,593109342	0,000463034266	0,0265876833	0,00000000000118496631	9165506960
0,0196132000	0,00830643529	-0,000136838257	58174041800000	0,0146670417	63,1307078	58174041800000	0,592807416	0,000477746575	0,0265872919	0,000000000000785705548	9165495710
0,0197116000	0,00824386665	-0,000141090136	57735619400000	0,0141320148	65,7488052	57735619400000	0,592612371	0,000492096885	0,0265869102	0,000000000000544037054	9165488500
0,0198100000	0,00818256686	-0,000143077457	57306091200000	0,0126941416	73,8000970	57306091200000	0,592419847	0,000543761330	0,0265855359	0,000000000000380683240	9165481450
0,0199084000	0,00817873656	-0,000148156376	57279252400000	0,0115792522	81,3872204	57279252400000	0,592407769	0,000595837317	0,0265841507	0,000000000000380683240	9165481010
0,0200068000	0,00810343877	-0,000155611608	56751644900000	0,0106864893	88,6463294	56751644900000	0,592169194	0,000639667473	0,0265829848	0,000000000000383996216	9165472340
0,0201052000	0,00804190243	-0,000165303306	56320466700000	0,0105517553	89,8774617	56320466700000	0,591972575	0,000642913293	0,0265828985	0,000000000000284835347	9165465260
0,0202036000	0,00795394603	-0,000180196178	55704171900000	0,0106399840	89,1434595	55704171900000	0,591688922	0,000630605302	0,0265832259	0,000000000000224498574	9165455140
0,0203020000	0,00788715268	-0,000192049302	55236167200000	0,0103445374	91,8671244	55236167200000	0,591471424	0,000643166379	0,0265828918	0,000000000000224498574	9165447450
0,0204004000	0,00777071883	-0,000202818290	54420353000000	0,00988744125	96,4048334	54420353000000	0,591087857	0,000662961501	0,0265823652	0,000000000000185139114	9165434050
0,0204988000	0,00766059004	-0,000208849428	53648727100000	0,00989542463	96,3882309	53648727100000	0,590719756	0,000653034096	0,0265826293	0,000000000000158849219	9165421380
0,0205972000	0,00756379363	-0,000212998042	52970524200000	0,0104155505	91,3988601	52970524200000	0,590391838	0,000612580140	0,0265837054	0,000000000000103252481	9165410240
0,0206956000	0,00752343958	-0,000211933483	52687786500000	0,0113161066	83,7820195	52687786500000	0,590253894	0,000560820391	0,0265850822	0,0000000000000919929745	9165405600
0,0207940000	0,00743499154	-0,000209366073	52068086600000	0,0126880025	74,2792589	52068086600000	0,589948952	0,000494298432	0,0265868517	0,0000000000000649845054	9165395420
0,0208924000	0,00736733766	-0,000200990472	51594082800000	0,0140341284	66,7594903	51594082800000	0,589713252	0,000442818058	0,0265882210	0,0000000000000558911193	9165387640
0,0209908000	0,00731907652	-0,000195644126	51255953100000	0,0150187648	62,1165129	51255953100000	0,589543792	0,000411074908	0,0265890654	0,0000000000000433363651	9165382090
0,0210892000	0,00731366749	-0,000190895997	51218056100000	0,0158284253	58,7138164	51218056100000	0,589524730	0,000389759088	0,0265896324	0,0000000000000433363651	9165381470
0,0211876000	0,00728600168	-0,000188124458	51024223400000	0,0161945209	57,3019703	51024223400000	0,589427013	0,000379506458	0,0265899051	0,0000000000000285869097	9165378290
0,0212860000	0,00729693603	-0,000188186218	51100831800000	0,0172158594	53,6322035	51100831800000	0,589465678	0,000357528060	0,0265904898	0,0000000000000285869097	9165379540
0,0213844000	0,00730188216	-0,000193441411	51135485500000	0,0189365120	48,3513395	51135485500000	0,589483149	0,000325261955	0,0265913480	0,0000000000000348869803	9165380110
0,0214828000	0,00724575399	-0,000196816113	50742240600000	0,0188796323	48,5436165	50742240600000	0,589284193	0,000323733006	0,0265913887	0,00000000000000789207304	9165373660
0,0215812000	0,00715673289	-0,000197427983	50118547000000	0,0168002607	55,1520077	50118547000000	0,588965471	0,000359329872	0,0265904418	-0,0000000000000300465185	9165363420
0,0216796000	0,00709349654	-0,000200049469	49675509000000	0,0145935925	64,1897484	49675509000000	0,588736657	0,000410006726	0,0265890938	-0,0000000000000746313183	9165356150
0,0217780000	0,00704587493	-0,000206411382	49341871100000	0,0132546901	71,1396913	49341871100000	0,588562998	0,000448391021	0,0265880728	-0,0000000000000659088941	9165350670
0,0218764000	0,00702106836	-0,000211327661	49168076700000	0,0127392455	74,2069606	49168076700000	0,588472073	0,000464890190	0,0265876339	-0,0000000000000659088941	9165347820
0,0219748000	0,00697253697	-0,000216371682	48828067900000	0,0129151981	73,1662545	48828067900000	0,588293259	0,000455385646	0,0265878867	-0,0000000000000738975124	9165342230
0,0220732000	0,00690906968	-0,000219462266	48383422100000	0,0135157094	69,7636415	48383422100000	0,588057532	0,000431189927	0,0265885303	-0,0000000000000489138501	9165334940
0,0221716000	0,00682754584	-0,000227348782	47812278900000	0,0137673381	68,4596170	47812278900000	0,587751555	0,000418312013	0,0265888729	-0,0000000000000299610967	9165325560
0,0222700000	0,00674598840	-0,000232675145	47240906000000	0,0130191474	72,6821865	47240906000000	0,587441786	0,000437065519	0,0265883741	0,00000000000000650998976	9165316180
0,0223684000	0,00671234295	-0,000239773659	47005195300000	0,0116166267	81,9756838	47005195300000	0,587312906	0,000487390093	0,0265870354	0,00000000000000804881525	9165312320
0,0224668000	0,00671954314	-0,000247803476	47055637800000	0,0107367087	89,0263204	47055637800000	0,587340541	0,000527899639	0,0265859579	0,00000000000000804881525	9165313140
0,0225652000	0,00668554028	-0,000253480362	46817423900000	0,0112422999	84,8578262	46817423900000	0,587209776	0,000501606572	0,0265866573	0,00000000000000804881525	9165309230
0,0226636000	0,00663645590	-0,000256314146	46473555300000	0,0124374600	76,3394125	46473555300000	0,587019839	0,000450075190	0,0265880280	0,0000000000000639007724	9165303590
0,0227620000	0,00656630993	-0,000257667114	45982139800000	0,0136369615	69,3088422	45982139800000	0,586745956	0,000406146236	0,0265891965	0,000000000000112534294	9165295530
0,0228604000	0,00647747933	-0,000260022745	45359833300000	0,0136805848	69,1276888	45359833300000	0,586394905	0,000399372040	0,0265893767	0,000000000000160247301	9165285310
0,0229588000	0,00636476990	-0,000262361278	44570252300000	0,0123917782	76,7969310	44570252300000	0,585942515	0,000433233801	0,0265884760	0,000000000000183779515	9165272360
0,0230572000	0,00630020845	-0,000261626254	44117974900000	0,0120566614	79,0782793	44117974900000	0,585679769	0,000440757161	0,0265882759	0,000000000000194303048	9165264940
0,0231556000	0,00632021788	-0,000266728356	44258148200000	0,0126013973	75,4809814	44258148200000	0,585761487	0,000423043870	0,0265887470	0,000000000000194130902	9165267240
0,0232540000	0,00628741184	-0,000266190645	44028330200000	0,0136701963	69,2960133	44028330200000	0,585627372	0,000387943370	0,0265896807	0,000000000000193772849	9165263470
0,0233524000	0,00626982696	-0,000268040677	43905142300000	0,0161807321	57,9565139	43905142300000	0,585555195	0,000326834649	0,0265913062	0,000000000000193772849	9165261450
0,0234508000	0,00618958091	-0,000267236631	43342995500000	0,0198237187	46,6468825	43342995500000	0,585223244	0,000263356880	0,0265929947	0,000000000000184777781	9165252220
0,0235492000	0,00615650573	-0,000268272126	43111295900000	0,0223018921	41,0611491	43111295900000	0,585085173	0,000232841420	0,0265938064	0,000000000000196710943	9165248420
0,0236476000	0,00614347475	-0,000266652337	43020011000000	0,0196779941	47,0478321	43020011000000	0,585030572	0,000263330135	0,0265929954	0,000000000000196710943	9165246920
0,0237460000	0,00611885782	-0,000266878293	42847564400000	0,0166785115	56,2016567	42847564400000	0,584927110	0,000309442330	0,0265917688	0,000000000000220081916	9165244090
0,0238444000	0,00611429034	-0,000263653294	42815568300000	0,0160603723	58,5120383	42815568300000	0,584907868	0,000321112325	0,0265914584	0,000000000000220081916	9165243570
0,0239428000	0,00611665237	-0,000260979430	42832114800000	0,0183276616	50,8079122	42832114800000	0,584917820	0,000281496715	0,0265925122	0,000000000000220081916	9165243840
0,0240412000	0,00607559930	-0,000259180279	42544530900000	0,0212074406	43,4232309	42544530900000	0,584744290	0,000241638623	0,0265935724	-0,00000000000232584065	9165239120
0,0241396000	0,00601766501	-0,000255816180	42138693600000	0,0201037463	46,0463706	42138693600000	0,584497403	0,000252473001	0,0265932842	-0,00000000000241348908	9165232460
0,0242380000	0,00595282301	-0,000255024514	41684470300000	0,0184808415	50,4530334	41684470300000	0,584218253	0,000271683595	0,0265927732	-0,00000000000250355417	9165225010
0,0243364000	0,00588656056	-0,000253123340	41220300500000	0,0164593171	57,1382080	41220300500000	0,583929838	0,000301654780	0,0265919760	-0,00000000000259235781	9165217400
0,0244348000	0,00587248855	-0,000250908835	41121726200000	0,0145007193	65,3528116	41121726200000	0,583868171	0,000341580180	0,0265909140	-0,00000000000259235781	9165215780
0,0245332000	0,00589036559	-0,000251891575	41246954700000	0,0144664023	65,5057698	41246954700000	0,583946487	0,000343433156	0,0265908647	-0,00000000000259235781	9165217840
0,0246316000	0,00586142506	-0,000253053133	41044226700000	0,0154627824	61,0687098	41044226700000	0,583819585	0,000319724049	0,0265914953	-0,00000000000259235781	9165214510
0,0247300000	0,00581646019	-0,000257000755	40729250000000	0,0165680507	56,7811752	40729250000000	0,583621173	0,000296105087	0,0265921236	-0,00000000000267651306	9165209340
0,0248284000	0,00577448738	-0,000261292132	40435234100000	0,0191266002	48,7322260	40435234100000	0,583434578	0,000254643768	0,0265932265	-0,00000000000275891057	9165204520
0,0249268000	0,00571037739	-0,000268133083	39986152200000	0,0204726351	45,3328660	39986152200000	0,583146943	0,000235259267	0,0265937421	-0,00000000000283258015	9165197160
0,0250252000	0,00566984471	-0,000271511193	39702227900000	0,0172975604	54,3229263	39702227900000	0,582963424	0,000276465467	0,0265926460	-0,00000000000283258015	9165192500
0,0251236000	0,00566693019	-0,000274620842	39681812300000	0,0149259084	63,5106383	39681812300000	0,582950178	0,000320229692	0,0265914819	-0,00000000000290035164	9165192160
0,0252220000	0,00563168354	-0,000274267643	39434917000000	0,0140398715	67,7597518	39434917000000	0,582789443	0,000338320776	0,0265910007	-0,00000000000290035164	9165188110
0,0253204000	0,00560474827	-0,000274482646	39246241900000	0,0133605553	71,3972589	39246241900000	0,582665932	0,000353821680	0,0265905883	-0,00000000000326621020	9165185020
0,0254188000	0,00560695290	-0,000276242825	39261684700000	0,0137030847	69,5250264	39261684700000	0,582676064	0,000345113111	0,0265908200	-0,00000000000317731076	9165185270
0,0255172000	0,00557414649	-0,000275217663	39031884500000	0,0145356404	65,3647167	39031884500000	0,582524889	0,000323441857	0,0265913964	-0,00000000000335090011	9165181500
0,0256156000	0,00550503263	-0,000279970056	38547763200000	0,0139817129	68,1314710	38547763200000	0,582203481	0,000332085316	0,0265911665	-0,00000000000344010459	9165173560
0,0257140000	0,00545079316	-0,000283107405	38167835400000	0,0126765274	75,5277600	38167835400000	0,581948415	0,000362667051	0,0265903531	-0,00000000000354024956	9165167330
0,0258124000	0,00538470537	-0,000288183791	37704917700000	0,0117440836	81,8304612	37704917700000	0,581634187	0,000386713856	0,0265897134	-0,00000000000377769171	9165159740
0,0259108000	0,00532407833	-0,000292329161	37280253700000	0,0113955511	84,4709058	37280253700000	0,581342522	0,000394052780	0,0265895182	-0,00000000000390788996	9165152780
0,0260092000	0,00530096179	-0,000293867863	37118334100000	0,0113748555	84,6443561	37118334100000	0,581230440	0,000393055120	0,0265895447	-0,00000000000403692088	9165150120
0,0261076000	0,00527503532	-0,000296280439	36936732800000	0,0114063639	84,4169771	36936732800000	0,581104152	0,000390051654	0,0265896246	-0,00000000000403692088	9165147150
0,0262060000	0,00523533445	-0,000297106526	36658650200000	0,0112940395	85,3125898	36658650200000	0,580909564	0,000390965142	0,0265896003	-0,00000000000416250574	9165142590
0,0263044000	0,00515840324	-0,000301196254	36119793600000	0,0117642087	81,8198253	36119793600000	0,580528272	0,000369822569	0,0265901627	-0,00000000000461615718	9165133750
0,0264028000	0,00511144758	-0,000304716869	35790900200000	0,0122669392	78,3642002	35790900200000	0,580292750	0,000351436837	0,0265906518	-0,00000000000480233006	9165128360
0,0265012000	0,00511484018	-0,000308949919	35814663100000	0,0118218312	81,4315097	35814663100000	0,580309839	0,000364911026	0,0265902934	-0,00000000000480233006	9165128750
0,0265996000	0,00508340384	-0,000316139875	35594473200000	0,0118941056	80,9362803	35594473200000	0,580151055	0,000360463796	0,0265904117	-0,00000000000498525788	9165125140
0,0266980000	0,00502062041	-0,000321596441	35154721100000	0,0124932593	76,9416940	35154721100000	0,579830986	0,000338936837	0,0265909843	-0,00000000000515868808	9165117930
0,0267964000	0,00495769905	-0,000327842117	34714006400000	0,0142398833	67,1614305	34714006400000	0,579506182	0,000293635920	0,0265921893	-0,00000000000532422623	9165110700
0,0268948000	0,00495453705	-0,000333428377	34691859100000	0,0164433982	57,7527059	34691859100000	0,579489751	0,000254124696	0,0265932403	-0,00000000000532422623	9165110340
0,0269932000	0,00487815407	-0,000337763610	34156861200000	0,0155247085	61,3971443	34156861200000	0,579089630	0,000265011897	0,0265929507	-0,00000000000548255669	9165101570
0,0270916000	0,00483621440	-0,000341017012	33863111500000	0,0153093000	62,3285550	33863111500000	0,578867269	0,000266429554	0,0265929130	-0,00000000000599660653	9165096750
0,0271900000	0,00484051992	-0,000340228070	33893267700000	0,0176459072	53,6765712	33893267700000	0,578890185	0,000231355762	0,0265938459	-0,00000000000581860845	9165097250
0,0272884000	0,00482582159	-0,000339791196	33790319500000	0,0204916856	45,8152795	33790319500000	0,578811870	0,000198621147	0,0265947167	-0,00000000000599660653	9165095560
0,0273868000	0,00484012424	-0,000338331523	33890496400000	0,0192774912	48,8804132	33890496400000	0,578888080	0,000211757250	0,0265943673	-0,00000000000581860845	9165097200
0,0274852000	0,00480331507	-0,000337029383	33632682400000	0,0186532182	50,6385169	33632682400000	0,578691489	0,000217179389	0,0265942230	-0,00000000000617121261	9165092970
0,0275836000	0,00476862279	-0,000336334680	33389696300000	0,0206045943	45,5820899	33389696300000	0,578504823	0,000195190768	0,0265948079	-0,00000000000617121261	9165088990
0,0276820000	0,00477163254	-0,000337175832	33410776600000	0,0197858128	47,5886879	33410776600000	0,578521071	0,000203396533	0,0265945897	-0,00000000000617121261	9165089340
0,0277804000	0,00476439943	-0,000338632987	33360115800000	0,0189537080	49,8118769	33360115800000	0,578482006	0,000212004087	0,0265943607	-0,00000000000617121261	9165088510
0,0278788000	0,00472992127	-0,000337658380	33118630600000	0,0180907866	52,3491451	33118630600000	0,578294979	0,000220508732	0,0265941345	-0,00000000000645209747	9165084550
0,0279772000	0,00466460616	-0,000337682330	32661166000000	0,0176320232	53,8264843	32661166000000	0,577936918	0,000223120980	0,0265940650	-0,00000000000749077856	9165077050
0,0280756000	0,00463646054	-0,000335411133	32464036300000	0,0180906728	52,4054562	32464036300000	0,577781078	0,000216151706	0,0265942504	-0,00000000000749077856	9165073820
0,0281740000	0,00460270377	-0,000333133038	32227607400000	0,0163078554	58,4687153	32227607400000	0,577592919	0,000238035693	0,0265936683	-0,00000000000772658821	9165069940
0,0282724000	0,00457776867	-0,000330373925	32052965300000	0,0142198352	67,4878169	32052965300000	0,577453046	0,000271509182	0,0265927779	-0,00000000000796323544	9165067080
0,0283708000	0,00457022303	-0,000327678246	32000116700000	0,0136063678	70,6630352	32000116700000	0,577410569	0,000283282814	0,0265924647	-0,00000000000796323544	9165066210
0,0284692000	0,00455554938	-0,000324803047	31897344800000	0,0143519343	66,8538475	31897344800000	0,577327765	0,000267704065	0,0265928791	-0,00000000000796323544	9165064530
0,0285676000	0,00454101255	-0,000322108913	31795531200000	0,0154285105	62,0006114	31795531200000	0,577245470	0,000248229250	0,0265933971	-0,00000000000796323544	9165062860
0,0286660000	0,00450192928	-0,000322282996	31521799400000	0,0161333740	59,1922830	31521799400000	0,577022905	0,000235340500	0,0265937399	-0,00000000000921715308	9165058370
0,0287644000	0,00445317233	-0,000322849076	31180316900000	0,0168350683	56,6380214	31180316900000	0,576742533	0,000223088156	0,0265940659	-0,00000000000959769458	9165052780
0,0288628000	0,00441180895	-0,000322900561	30890618900000	0,0164786881	57,9474547	30890618900000	0,576502266	0,000225795274	0,0265939938	-0,00000000000997299079	9165048030
0,0289612000	0,00438124671	-0,000322193633	30676570000000	0,0157729284	60,6811155	30676570000000	0,576323290	0,000234263884	0,0265937686	-0,0000000000103245641	9165044520
0,0290596000	0,00435198881	-0,000321783833	30471657200000	0,0160054793	59,7775077	30471657200000	0,576150782	0,000229318061	0,0265939001	-0,0000000000112230978	9165041160
0,0291580000	0,00433775744	-0,000321420412	30371985600000	0,0183156503	51,9055608	30371985600000	0,576066453	0,000199738467	0,0265946870	-0,0000000000112230978	9165039530
0,0292564000	0,00432315865	-0,000321144881	30269740800000	0,0226801779	41,4075721	30269740800000	0,575979660	0,000160758193	0,0265957238	-0,0000000000117893711	9165037850
0,0293548000	0,00431050495	-0,000320160917	30181119000000	0,0270547130	34,2859395	30181119000000	0,575904194	0,000134370297	0,0265964258	-0,0000000000132608121	9165036400
0,0294532000	0,00428372986	-0,000318991586	29993596600000	0,0322192417	28,3772309	29993596600000	0,575743777	0,000112130588	0,0265970173	-0,0000000000141835439	9165033330
0,0295516000	0,00426655302	-0,000318447424	29873296900000	0,0356416261	25,4072723	29873296900000	0,575640339	0,000100957019	0,0265973145	-0,0000000000141835439	9165031360
0,0296500000	0,00426721020	-0,000317765921	29877899500000	0,0356471174	25,4025555	29877899500000	0,575644304	0,000100957019	0,0265973145	-0,0000000000141835439	9165031430
0,0297484000	0,00428883757	-0,000317888091	30029368900000	0,0358278345	25,2480704	30029368900000	0,575774456	0,000100957019	0,0265973145	-0,0000000000132608121	9165033910
0,0298468000	0,00427939768	-0,000318117016	29963255700000	0,0357489552	25,3153238	29963255700000	0,575717728	0,000100957019	0,0265973145	-0,0000000000141835439	9165032830
0,0299452000	0,00426643111	-0,000317436590	29872443100000	0,000196863298	5077,01728	29872443100000	0,575639603	0,0182775027	0,0261138184	-0,0000000000141835439	9165031340
