Time_(s)	Photoconductance_Signal_(V)	Reference_Voltage_(V)	Apparent_Carrier_Density_(cm-3)	Tau_(s)	Inverse_Tau_Auger_Corrected_(s-1)	Minority_Carrier_Density_(cm-3)	Implied_Voc_(V)	Implied_Suns_(suns)	Photogeneration_(A/cm2)	Jo_(A/cm2)	ni_(cm-3)
0,000869800000	1,67379836	0,410867403	7427433310000000	0,0000230964984	43170,8790	7427433310000000	0,701166277	49,9681419	-1,30255258	0,000000000000466840734	8846214150
0,00120080000	1,55355186	0,370645991	6853839670000000	0,0000228036633	43742,4289	6853839670000000	0,697188340	46,7014002	-1,21565724	0,000000000000518166201	8824545130
0,00153180000	1,43808396	0,333787739	6308678430000000	0,0000232968129	42828,0606	6308678430000000	0,693083649	42,0767764	-1,09264225	0,000000000000555032755	8803052770
0,00186280000	1,32931298	0,300606114	5800205870000000	0,0000237711702	41983,6995	5800205870000000	0,688919806	37,9134608	-0,981898056	0,000000000000584052806	8782115810
0,00219380000	1,22811887	0,270913595	5331587660000000	0,0000242317283	41194,7216	5331587660000000	0,684743619	34,1879251	-0,882798808	0,000000000000694609101	8761957630
0,00252480000	1,13383011	0,244212904	4898811400000000	0,0000246861701	40444,2253	4898811400000000	0,680545506	30,8345478	-0,793598971	0,000000000000718554516	8742508840
0,00285580000	1,04721365	0,220354351	4504550970000000	0,0000251496221	39705,6448	4504550970000000	0,676383599	27,8304753	-0,713690642	0,000000000000748796491	8724002780
0,00318680000	0,967042409	0,198922741	4142459130000000	0,0000256163720	38988,0018	4142459130000000	0,672226262	25,1270319	-0,641779048	0,000000000000782532388	8706257110
0,00351780000	0,893163289	0,179720140	3811208580000000	0,0000260833919	38294,9654	3811208580000000	0,668091263	22,7038356	-0,577322026	0,000000000000820002524	8689311770
0,00384880000	0,825410139	0,162550854	3509479840000000	0,0000265529670	37622,0791	3509479840000000	0,663999346	20,5366820	-0,519675740	0,000000000000856533291	8673208230
0,00417980000	0,762772768	0,147165954	3232293130000000	0,0000270102889	36988,8859	3232293130000000	0,659918091	18,5943966	-0,468010950	0,000000000000895796023	8657780410
0,00451080000	0,705401438	0,133444075	2979902890000000	0,0000274600401	36386,3614	2979902890000000	0,655886249	16,8617065	-0,421921392	0,000000000000938638837	8643137100
0,00484180000	0,652490831	0,120986574	2748410060000000	0,0000279327481	35773,4426	2748410060000000	0,651877379	15,2886256	-0,380077441	0,000000000000984159275	8629143930
0,00517280000	0,603782604	0,109878657	2536391150000000	0,0000283822737	35209,3624	2536391150000000	0,647899602	13,8857591	-0,342761191	0,00000000000103756038	8615796850
0,00550380000	0,559189915	0,0998715515	2343207370000000	0,0000288462028	34645,2631	2343207370000000	0,643976673	12,6218395	-0,309140930	0,00000000000109410226	8603138800
0,00583480000	0,517764139	0,0907710925	2164537710000000	0,0000293163220	34091,6027	2164537710000000	0,640052055	11,4724521	-0,278567226	0,00000000000115207678	8590958630
0,00616580000	0,479712887	0,0826189782	2001101690000000	0,0000297753242	33567,7450	2001101690000000	0,636170619	10,4427106	-0,251176102	0,00000000000121372135	8579370650
0,00649680000	0,445092616	0,0752839117	1852971740000000	0,0000302559643	33035,9412	1852971740000000	0,632372125	9,51608644	-0,226527899	0,00000000000127069886	8568455570
0,00682780000	0,412704492	0,0685953451	1714887550000000	0,0000307297400	32527,9114	1714887550000000	0,628551449	8,67116287	-0,204052932	0,00000000000133193202	8557886020
0,00715880000	0,382952298	0,0625641033	1588466530000000	0,0000312063983	32032,2119	1588466530000000	0,624778226	7,90924451	-0,183785904	0,00000000000139583060	8547836440
0,00748980000	0,355448987	0,0571318924	1471966300000000	0,0000316654347	31568,8812	1471966300000000	0,621030425	7,22292316	-0,165529756	0,00000000000145954761	8538223610
0,00782080000	0,329717965	0,0521610645	1363293360000000	0,0000321204715	31122,5819	1363293360000000	0,617262698	6,59489656	-0,148824249	0,00000000000153280811	8528917540
0,00815180000	0,306467006	0,0477009345	1265363150000000	0,0000325986187	30666,8785	1265363150000000	0,613606986	6,03137824	-0,133834661	0,00000000000161734605	8520219430
0,00848280000	0,284761123	0,0436280510	1174172490000000	0,0000330709007	30229,6459	1174172490000000	0,609945837	5,51679009	-0,120146616	0,00000000000171521989	8511824330
0,00881380000	0,264498524	0,0398880166	1089249160000000	0,0000335528612	29796,0671	1089249160000000	0,606278596	5,04426918	-0,107577560	0,00000000000181683971	8503721680
0,00914480000	0,245909144	0,0365170973	1011513100000000	0,0000340319398	29377,1919	1011513100000000	0,602669969	4,61833453	-0,0962476984	0,00000000000190920865	8496038000
0,00947580000	0,228650486	0,0334182504	939492631000000	0,0000345373004	28947,8471	939492631000000	0,599078773	4,22674037	-0,0858312938	0,00000000000201591419	8488667150
0,00980680000	0,212573032	0,0305862969	872533155000000	0,0000350427301	28530,7883	872533155000000	0,595493291	3,86887400	-0,0763120483	0,00000000000214410296	8481573580
0,0101378000	0,197738957	0,0280257941	810865893000000	0,0000355381631	28133,4608	810865893000000	0,591948970	3,54531345	-0,0677053379	0,00000000000226213760	8474813890
0,0104688000	0,183848803	0,0256806697	753222517000000	0,0000360228876	27755,2785	753222517000000	0,588394056	3,24896739	-0,0598225326	0,00000000000236830376	8468278150
0,0107998000	0,170760017	0,0234780408	698993966000000	0,0000365611810	27346,9800	698993966000000	0,584804009	2,97066577	-0,0524197095	0,00000000000246216343	8461918170
0,0111308000	0,158948423	0,0214923860	650131953000000	0,0000371426890	26919,1311	650131953000000	0,581334458	2,71974853	-0,0457453109	0,00000000000257106909	8455994040
0,0114618000	0,147809307	0,0197114468	604117588000000	0,0000376285666	26571,8238	604117588000000	0,577833108	2,49461992	-0,0397568899	0,00000000000270692669	8450230460
0,0117928000	0,137733932	0,0181224298	562552876000000	0,0000381088658	26237,1815	562552876000000	0,574446545	2,29370683	-0,0344126017	0,00000000000283665436	8444855020
0,0121238000	0,128002037	0,0166274845	522455623000000	0,0000385700667	25923,6921	522455623000000	0,570948529	2,10474554	-0,0293862315	0,00000000000301487611	8439502260
0,0124548000	0,118889067	0,0152141287	484953841000000	0,0000391220973	25558,1116	484953841000000	0,567441282	1,92610011	-0,0246342629	0,00000000000324432831	8434333030
0,0127858000	0,110521236	0,0139200833	450557473000000	0,0000397202820	25173,3979	450557473000000	0,563994369	1,76253786	-0,0202835072	0,00000000000344215257	8429439940
0,0131168000	0,102698250	0,0127482687	418434812000000	0,0000402733916	24827,8472	418434812000000	0,560546995	1,61439642	-0,0163429447	0,00000000000366139587	8424726520
0,0134478000	0,0957653200	0,0116968416	389994678000000	0,0000409042216	24445,0978	389994678000000	0,557284102	1,48146409	-0,0128069448	0,00000000000381787750	8420426850
0,0137788000	0,0889105339	0,0107083775	361901012000000	0,0000414535458	24121,3134	361901012000000	0,553838427	1,35652779	-0,00948363908	0,00000000000402560508	8416052210
0,0141098000	0,0825396802	0,00981592080	335814003000000	0,0000419560330	23832,5651	335814003000000	0,550412066	1,24366945	-0,00648160730	0,00000000000428623140	8411866560
0,0144408000	0,0765887749	0,00896678582	311467050000000	0,0000425909699	23477,3984	311467050000000	0,546988013	1,13630563	-0,00362572989	0,00000000000450114804	8407843180
0,0147718000	0,0710573308	0,00820482752	288854139000000	0,0000431585752	23168,7492	288854139000000	0,543583208	1,03994909	-0,00106264570	0,00000000000473420094	8403996340
0,0151028000	0,0661394986	0,00750848553	268764330000000	0,0000438702802	22792,9803	268764330000000	0,540350401	0,951922960	0,00127884927	0,00000000000512985640	8400482320
0,0154338000	0,0611933477	0,00683595758	248572840000000	0,0000445518023	22444,4082	248572840000000	0,536875143	0,866939872	0,00353939941	0,00000000000542001286	8396851470
0,0157648000	0,0566160214	0,00623992590	229899617000000	0,0000451282528	22157,8059	229899617000000	0,533429533	0,791571792	0,00554419033	0,00000000000628587451	8393398030
0,0160958000	0,0522936761	0,00569475606	212277841000000	0,0000456464190	21906,3658	212277841000000	0,529942473	0,722600954	0,00737881463	0,00000000000727778533	8390047860
0,0164268000	0,0484320802	0,00516376220	196543823000000	0,0000465930263	21461,3732	196543823000000	0,526606371	0,655449235	0,00916505035	0,00000000000849760544	8386975890
0,0167578000	0,0446297343	0,00469000830	181059901000000	0,0000472394951	21167,7507	181059901000000	0,523086634	0,595549154	0,0107583925	0,0000000000107659159	8383872720
0,0170888000	0,0411045339	0,00416394027	166712340000000	0,0000489606371	20423,6761	166712340000000	0,519582995	0,529079906	0,0125264745	0,0000000000128720814	8380921200
0,0174198000	0,0376540498	0,00371529400	152676183000000	0,0000502277851	19908,4838	152676183000000	0,515893175	0,472310769	0,0140365336	0,0000000000138931879	8377957730
0,0177508000	0,0345082467	0,00331995128	139885793000000	0,0000514732454	19426,8249	139885793000000	0,512267373	0,422272345	0,0153675556	0,0000000000147114723	8375187220
0,0180818000	0,0317967743	0,00288534481	128866247000000	0,0000545048899	18346,2954	128866247000000	0,508908603	0,367370513	0,0168279444	0,0000000000138018025	8372743230
0,0184128000	0,0290367522	0,00255594168	117654109000000	0,0000561299797	17815,1709	117654109000000	0,505230376	0,325696279	0,0179364790	0,0000000000131199846	8370199060
0,0187438000	0,0265668917	0,00231248479	107624778000000	0,0000567283066	17627,3184	107624778000000	0,501679604	0,294790192	0,0187585809	0,0000000000121638394	8367871470
0,0190748000	0,0244622950	0,00207849911	99081731400000	0,0000580801272	17217,0742	99081731400000	0,498427952	0,265073681	0,0195490401	0,0000000000123370164	8365848340
0,0194058000	0,0225019799	0,00191201610	91126914100000	0,0000580701685	17220,0700	91126914100000	0,495181333	0,243833941	0,0201140172	0,0000000000161556476	8363929690
0,0197368000	0,0205363114	0,00170368432	83152869100000	0,0000594346969	16824,7560	83152869100000	0,491679659	0,217389102	0,0208174499	0,0000000000229857490	8361971530
0,0200678000	0,0185710995	0,00144657702	75183196800000	0,0000631950095	15823,6441	75183196800000	0,487888057	0,184858143	0,0216827734	0,0000000000351008263	8359978610
0,0203988000	0,0168115468	0,00122967469	68049707200000	0,0000671933156	14882,0804	68049707200000	0,484199188	0,157362327	0,0224141621	0,0000000000421766604	8358163800
0,0207298000	0,0153673487	0,00105202730	62196247700000	0,0000716806391	13950,4472	62196247700000	0,480923945	0,134822662	0,0230137172	0,0000000000499007071	8356652600
0,0210608000	0,0139501104	0,000903089070	56453415300000	0,0000756708876	13214,8308	56453415300000	0,477451610	0,115920961	0,0235165024	0,0000000000568059431	8355150730
0,0213918000	0,0128066186	0,000762595387	51820825400000	0,0000820935141	12180,9636	51820825400000	0,474429715	0,0980835238	0,0239909783	0,0000000000590354510	8353925570
0,0217228000	0,0116049426	0,000610007368	46953472100000	0,0000926933998	10788,0134	46953472100000	0,471002099	0,0787081098	0,0245063643	0,0000000000638728886	8352625610
0,0220538000	0,0104599022	0,000504494131	42316437800000	0,000100791397	9921,26465	42316437800000	0,467449015	0,0652358339	0,0248647268	0,0000000000730333223	8351375650
0,0223848000	0,00961110833	0,000444668931	38879685900000	0,000104989766	9524,53866	38879685900000	0,464599012	0,0575408613	0,0250694131	0,000000000110654056	8350442510
0,0227158000	0,00876830538	0,000358514415	35467684200000	0,000118387289	8446,67129	35467684200000	0,461552037	0,0465509275	0,0253617453	0,000000000146319392	8349510940
0,0230468000	0,00801713557	0,000260352584	32427066400000	0,000147882903	6761,94118	32427066400000	0,458620808	0,0340714233	0,0256937001	0,000000000177217794	8348676970
0,0233778000	0,00726003033	0,000164722411	29362822300000	0,000207945739	4808,79689	29362822300000	0,455420952	0,0219405925	0,0260163802	0,000000000188147601	8347833470
0,0237088000	0,00674234237	0,0000951892914	27267807400000	0,000324229173	3084,09906	27267807400000	0,453065274	0,0130676866	0,0262523995	0,000000000170110548	8347255390
0,0240398000	0,00623171232	0,0000385875564	25201540200000	0,000671035426	1490,10579	25201540200000	0,450584928	0,00583555567	0,0264447742	0,000000000132888747	8346684440
0,0243708000	0,00571802627	-0,0000168997054	23123093300000	0,00396177116	252,294531	23123093300000	0,447906649	0,000906895250	0,0265758766	0,0000000000967073051	8346109650
0,0247018000	0,00545151945	-0,0000564693026	22044842600000	0,00424413246	235,507118	22044842600000	0,446434134	0,000807083846	0,0265785316	0,0000000000567685962	8345811400
0,0250328000	0,00504268503	-0,0000888273826	20390852200000	0,00449023045	222,601899	20390852200000	0,444048864	0,000705614224	0,0265812307	0,0000000000229748272	8345353960
0,0253638000	0,00463313473	-0,000124153274	18734085300000	0,00462602740	216,072857	18734085300000	0,441483701	0,000629252390	0,0265832619	0,00000000000280765976	8344896050
0,0256948000	0,00441415007	-0,000176345879	17848269000000	0,00488151629	204,763572	17848269000000	0,440029330	0,000568122437	0,0265848879	0,00000000000303026039	8344651440
0,0260258000	0,00414658582	-0,000225631196	16765989900000	0,00521819733	191,551782	16765989900000	0,438163356	0,000499239896	0,0265867202	0,00000000000357163997	8344352860
0,0263568000	0,00384551527	-0,000251550101	15548241800000	0,00531112570	188,204940	15548241800000	0,435931628	0,000454878370	0,0265879002	0,00000000000405050245	8344017380
0,0266878000	0,00370775176	-0,000288535740	14991047800000	0,00567180158	176,234604	14991047800000	0,434858150	0,000410687554	0,0265890757	0,00000000000404006083	8343864080
0,0270188000	0,00351185901	-0,000330133618	14198769800000	0,00630361720	158,566898	14198769800000	0,433268679	0,000349994700	0,0265906901	0,00000000000417515986	8343646360
0,0273498000	0,00331695006	-0,000356671945	13410498300000	0,00668546734	149,510016	13410498300000	0,431606261	0,000311683437	0,0265917092	0,00000000000351995808	8343430080
0,0276808000	0,00319130177	-0,000363900175	12902352700000	0,00696888270	143,429456	12902352700000	0,430487352	0,000287677791	0,0265923478	0,00000000000244324987	8343290850
0,0280118000	0,00309032098	-0,000378423204	12493975400000	0,00756763470	132,078196	12493975400000	0,429558918	0,000256531718	0,0265931763	0,000000000000977888927	8343179090
0,0283428000	0,00292481440	-0,000401893033	11824665000000	0,00795136431	125,704500	11824665000000	0,427976113	0,000231072241	0,0265938535	-0,00000000000159018202	8342996160
0,0286738000	0,00292681218	-0,000389917962	11832743900000	0,00836117849	119,540243	11832743900000	0,427995698	0,000219896620	0,0265941507	-0,00000000000159018202	8342998370
0,0290048000	0,00280948611	-0,000376216165	11358287900000	0,00861826532	115,974924	11358287900000	0,426824385	0,000204782855	0,0265945528	-0,00000000000283075837	8342868910
0,0293358000	0,00274205923	-0,000390740295	11085624200000	0,00917773223	108,903059	11085624200000	0,426130932	0,000187683179	0,0265950076	-0,00000000000348219550	8342794590
0,0296668000	0,00260100180	-0,000407396758	10515221000000	0,00933538448	107,065899	10515221000000	0,424628422	0,000175019635	0,0265953445	-0,00000000000471947058	8342639320
0,0299978000	0,00253424142	-0,000413955673	10245262600000	0,00986403040	101,326394	10245262600000	0,423891146	0,000161387270	0,0265957071	-0,00000000000595393747	8342565940
0,0303288000	0,00245712736	-0,000414717741	9933441290000	0,00925762959	107,968553	9933441290000	0,423017034	0,000166724917	0,0265955651	-0,00000000000595393747	8342481260
0,0306598000	0,00233003565	-0,000447974613	9419537900000	0,00698692164	143,076702	9419537900000	0,421519834	0,000209480840	0,0265944278	-0,00000000000883007701	8342341920
0,0309908000	0,00224141476	-0,000485600693	9061200700000	0,00530682981	188,390394	9061200700000	0,420430643	0,000265308504	0,0265929428	-0,0000000000117671788	8342244930
0,0313218000	0,00220760668	-0,000488426809	8924499790000	0,00481631338	207,582357	8924499790000	0,420004621	0,000287918604	0,0265923414	-0,0000000000117671788	8342207960
0,0316528000	0,00216152111	-0,000472052850	8738156890000	0,00473325781	211,226594	8738156890000	0,419414066	0,000286853570	0,0265923697	-0,0000000000117671788	8342157610
0,0319838000	0,00209908266	-0,000474784635	8485695120000	0,00463360536	215,771568	8485695120000	0,418595082	0,000284556796	0,0265924308	-0,0000000000122796007	8342089450
0,0323148000	0,00193611643	-0,000494995313	7826775700000	0,00454056008	220,197395	7826775700000	0,416345935	0,000267839140	0,0265928755	-0,0000000000111600665	8341911910
0,0326458000	0,00148813415	-0,000565717102	6015554900000	0,00360034132	277,720887	6015554900000	0,409103693	0,000259616685	0,0265930942	0,0000000000334509540	8341426870
0,0329768000	0,00110417060	-0,000637338117	4463283640000	0,00261705408	382,086350	4463283640000	0,401016889	0,000264997862	0,0265929511	-0,000000000000822331078	8341015210
0,0333078000	0,00101748799	-0,000674795820	4112862030000	0,00251220841	398,035244	4112862030000	0,398820713	0,000254383569	0,0265932334	0,00000000000138601401	8340922870
0,0336388000	0,000908638053	-0,000726369180	3672835030000	0,00262483107	380,958227	3672835030000	0,395793171	0,000217420577	0,0265942166	-0,00000000000113032454	8340807250
0,0339698000	0,000900199149	-0,000775586025	3638721040000	0,00343458800	291,137239	3638721040000	0,395544070	0,000164617005	0,0265956212	-0,00000000000137193811	8340798300
0,0343008000	0,000898186723	-0,000818968135	3630585880000	0,00558614286	178,995941	3630585880000	0,395484335	0,000100986950	0,0265973137	-0,00000000000137193811	8340796160
0,0346318000	0,000779752975	-0,000854497551	3151827130000	0,0133782537	74,7321427	3151827130000	0,391719554	0,0000366069496	0,0265990263	-0,00000000000769125581	8340670850
0,0349628000	0,000713338862	-0,000882611281	2883358060000	0,255485923	3,89944352	2883358060000	0,389358184	0,00000175360664	0,0265999534	-0,00000000000730597510	8340600790
0,0352938000	0,000822894948	-0,000862776966	3326223820000	-0,0412753286	-24,2444609	3326223820000	0,393151230	-0,0000125216486	0,0266003331	-0,00000000000937077922	8340716440
0,0356248000	0,00103331160	-0,000807261665	4176829880000	-0,0262586506	-38,1039157	4176829880000	0,399234679	-0,0000247158166	0,0266006574	0,00000000000228056374	8340939710
0,0359558000	0,00120959808	-0,000739704833	4889490450000	-0,0397573691	-25,1774127	4889490450000	0,403475716	-0,0000191093778	0,0266005083	0,00000000000734946584	8341127830
0,0362868000	0,00115993586	-0,000696119592	4688722270000	-0,0293679086	-34,0745977	4688722270000	0,402344098	-0,0000248074468	0,0266006599	0,00000000000698844452	8341074740
0,0366178000	0,00112393344	-0,000685240965	4543177350000	-0,0200053194	-50,0097911	4543177350000	0,401494428	-0,0000352870036	0,0266009386	-0,0000000000000356529227	8341036300
0,0369488000	0,00109332444	-0,000697025740	4419436850000	-0,0279877985	-35,7523140	4419436850000	0,400751322	-0,0000245357182	0,0266006527	-0,00000000000140199560	8341003640
0,0372798000	0,00109389437	-0,000704681648	4421740840000	0,101954977	9,78578094	4421740840000	0,400765339	0,00000673884451	0,0265998207	-0,00000000000140199560	8341004250
0,0376108000	0,00111740307	-0,000721395453	4516777480000	0,0158512765	63,0634496	4516777480000	0,401337526	0,0000442756590	0,0265988223	-0,0000000000000933513840	8341029330
0,0379418000	0,00101844853	-0,000717429278	4116745050000	0,0123460877	80,9763960	4116745050000	0,398846018	0,0000518113844	0,0265986218	0,00000000000138601401	8340923890
0,0382728000	0,00106301907	-0,000714622839	4296924480000	0,0164281018	60,8494686	4296924480000	0,399995701	0,0000406416113	0,0265989189	-0,000000000000254656747	8340971340
0,0386038000	0,000955096652	-0,000721774025	3860643320000	0,0224155961	44,5921721	3860643320000	0,397125868	0,0000267614702	0,0265992881	-0,000000000000822950743	8340856550
0,0389348000	0,000981520098	-0,000734204857	3967460480000	0,0331914171	30,1081051	3967460480000	0,397856274	0,0000185732283	0,0265995060	0,00000000000125437331	8340884620
0,0392658000	0,000912495289	-0,000728417079	3688427800000	0,0235892693	42,3734065	3688427800000	0,395906289	0,0000242955861	0,0265993537	-0,00000000000113032454	8340811340
0,0395968000	0,000933059528	-0,000704469990	3771558330000	0,0348644125	28,6633707	3771558330000	0,396501687	0,0000168088909	0,0265995529	-0,000000000000159469506	8340833150
0,0399278000	0,000951760573	-0,000682043248	3847157210000	0,0801586621	12,4557027	3847157210000	0,397032272	0,00000745744493	0,0265998016	-0,000000000000963996925	8340853010
0,0402588000	0,000976883870	-0,000679517735	3948718420000	-0,113274902	-8,84815150	3948718420000	0,397729496	-0,00000541655369	0,0266001441	0,000000000000751827243	8340879690
0,0405898000	0,00104606017	-0,000681046864	4228366820000	-0,0334328139	-29,9322230	4228366820000	0,399563798	-0,0000196517082	0,0266005227	0,00000000000181860555	8340953280
0,0409208000	0,00104177041	-0,000683119800	4211025180000	-0,0320132658	-31,2584516	4211025180000	0,399453485	-0,0000204389433	0,0266005437	0,00000000000252523162	8340948710
0,0412518000	0,00100380013	-0,000679772221	4057528240000	-0,0316118921	-31,6542874	4057528240000	0,398457606	-0,0000199439713	0,0266005305	0,000000000000272608429	8340908310
0,0415828000	0,00105311699	-0,000666606679	4256894540000	-0,0567668258	-17,6375562	4256894540000	0,399744328	-0,0000116519567	0,0266003099	-0,0000000000000464098105	8340960800
0,0419138000	0,00105782629	-0,000653736805	4275932240000	-0,200200371	-5,01672613	4275932240000	0,399864159	-0,00000331868871	0,0266000883	-0,0000000000000464098105	8340965810
0,0422448000	0,00113901208	-0,000640909779	4604134800000	1,08745524	0,896182803	4604134800000	0,401853410	0,000000657865667	0,0265999825	0,000000000000341456793	8341052390
0,0425758000	0,00114135367	-0,000643754421	4613601010000	0,301296892	3,29554215	4613601010000	0,401908750	0,00000237928224	0,0265999367	0,000000000000341456793	8341054890
0,0429068000	0,00110553841	-0,000642715130	4468813170000	0,340568338	2,91355944	4468813170000	0,401050203	0,00000203886518	0,0265999458	-0,000000000000822331078	8341016670
0,0432378000	0,00108715641	-0,000646305705	4394501930000	0,0881717841	11,3191649	4394501930000	0,400599170	0,00000774427225	0,0265997940	-0,00000000000166388791	8340997070
0,0435688000	0,00104867464	-0,000654713698	4238936000000	0,0483491257	20,6613545	4238936000000	0,399630818	0,0000136228764	0,0265996376	0,000000000000549952152	8340956060
0,0438998000	0,00103437336	-0,000649752591	4181122090000	0,0314993985	31,7253885	4181122090000	0,399262238	0,0000206248676	0,0265994514	0,00000000000228056374	8340940840
0,0442308000	0,00109687336	-0,000651120080	4433783760000	0,0185870524	53,7783610	4433783760000	0,400838493	0,0000370650480	0,0265990141	-0,000000000000982433965	8341007430
0,0445618000	0,00107930316	-0,000658357258	4362754380000	0,0175686928	56,8972605	4362754380000	0,400404248	0,0000385853014	0,0265989736	-0,00000000000143987883	8340988700
0,0448928000	0,00105856013	-0,000656002424	4278898880000	0,0213121055	46,8999443	4278898880000	0,399882786	0,0000311965270	0,0265991702	-0,000000000000254656747	8340966590
0,0452238000	0,00102450754	-0,000662183295	4141238940000	0,0339085422	29,4700467	4141238940000	0,399005111	0,0000189767463	0,0265994952	0,000000000000685623133	8340930340
0,0455548000	0,00104443604	-0,000661635996	4221801160000	-0,255026755	-3,94261301	4221801160000	0,399522084	-0,00000257224665	0,0266000684	0,00000000000157718260	8340951550
0,0458858000	0,00102923001	-0,000655389486	4160329770000	-0,110098902	-9,10388672	4160329770000	0,399128485	-0,00000587144978	0,0266001562	0,000000000000668734060	8340935360
0,0462168000	0,000937373687	-0,000656645075	3788998270000	0,511420379	1,93607817	3788998270000	0,396624991	0,00000115118987	0,0265999694	0,000000000000391628676	8340837730
0,0465478000	0,000978131309	-0,000645863932	3953761220000	0,100620323	9,91825395	3953761220000	0,397763664	0,00000610555729	0,0265998376	0,000000000000751827243	8340881020
0,0468788000	0,000968833651	-0,000638326311	3916175270000	0,0392155769	25,4801656	3916175270000	0,397507981	0,0000155168690	0,0265995873	0,000000000000618076953	8340871140
0,0472098000	0,00106293040	-0,000631735357	4296566020000	0,0272892208	36,6226703	4296566020000	0,399993460	0,0000244641953	0,0265993493	-0,000000000000254656747	8340971250
0,0475408000	0,00116586516	-0,000623068938	4712692420000	0,0203579467	49,0969214	4712692420000	0,402481610	0,0000359696079	0,0265990432	0,00000000000698844452	8341081070
0,0478718000	0,00114937576	-0,000623561331	4646031450000	0,0159937986	62,5006259	4646031450000	0,402097517	0,0000451368351	0,0265987994	0,00000000000722825750	8341063460
0,0482028000	0,00112938292	-0,000623476724	4565207590000	0,0128534350	77,7770165	4565207590000	0,401624694	0,0000551876504	0,0265985320	0,00000000000116886962	8341042110
0,0485338000	0,00105362776	-0,000617074777	4258959350000	0,0102766476	97,2863532	4258959350000	0,399757350	0,0000643950689	0,0265982871	-0,0000000000000464098105	8340961340
0,0488648000	0,000965482827	-0,000621641823	3902629520000	0,00780208620	128,151011	3902629520000	0,397415256	0,0000777225717	0,0265979326	0,000000000000618076953	8340867580
0,0491958000	0,000935777022	-0,000623194306	3782543770000	0,00550350404	181,683192	3782543770000	0,396579420	0,000106793607	0,0265971593	0,000000000000391628676	8340836040
0,0495268000	0,000836820679	-0,000619912316	3382517360000	0,00421528158	237,214877	3382517360000	0,393597890	0,000124684947	0,0265966834	-0,00000000000301641404	8340731170
0,0498578000	0,000722432450	-0,000644886427	2920117330000	0,00366504911	272,832787	2920117330000	0,389693812	0,000123800125	0,0265967069	-0,00000000000557910425	8340610370
0,0501888000	0,000669195201	-0,000684427162	2704915760000	0,00361359718	276,718799	2704915760000	0,387667494	0,000116309339	0,0265969062	-0,00000000000722542653	8340554300
0,0505198000	0,000647146142	-0,000726903620	2615787200000	0,00426316050	234,554449	2615787200000	0,386781978	0,0000953391569	0,0265974640	-0,00000000000547250921	8340531110
0,0508508000	0,000599484124	-0,000788893343	2423125010000	0,00602317046	166,013187	2423125010000	0,384762918	0,0000625102517	0,0265983372	-0,00000000000640541210	8340481050
0,0511818000	0,000507148567	-0,000851287099	2049885670000	0,0108686600	91,9972247	2049885670000	0,380361499	0,0000293058428	0,0265992205	0,0000000000211641438	8340384290
0,0515128000	0,000478506530	-0,000866124807	1934109940000	-0,0856404027	-11,6865814	1934109940000	0,378835571	-0,00000350915893	0,0266000933	0,0000000000260692298	8340354350
0,0518438000	0,000480920639	-0,000870950500	1943868140000	-0,0104422267	-95,7749144	1943868140000	0,378967591	-0,0000289250596	0,0266007694	0,0000000000260692298	8340356870
0,0521748000	0,000469596616	-0,000844580722	1898094760000	-0,00744012686	-134,415977	1898094760000	0,378342600	-0,0000396404093	0,0266010544	0,0000000000286731833	8340345040
0,0525058000	0,000560133516	-0,000792458683	2264060970000	-0,00819904944	-121,976882	2264060970000	0,382974287	-0,0000429067080	0,0266011413	0,00000000000402323657	8340439770
0,0528368000	0,000732350901	-0,000741347791	2960211030000	-0,00909041966	-110,020979	2960211030000	0,390055242	-0,0000505986956	0,0266013459	-0,00000000000651411693	8340620830
0,0531678000	0,000816427234	-0,000711742506	3300078710000	-0,00921803922	-108,499721	3300078710000	0,392941291	-0,0000556270883	0,0266014797	-0,00000000000827721448	8340709600
0,0534988000	0,000899443129	-0,000689369962	3635664850000	-0,0107184321	-93,3157105	3635664850000	0,395521644	-0,0000527051632	0,0266014020	-0,00000000000137193811	8340797500
0,0538298000	0,000943458807	-0,000676942029	3813597330000	-0,0108891684	-91,8537628	3813597330000	0,396797985	-0,0000544177653	0,0266014475	-0,000000000000386868559	8340844190
0,0541608000	0,000948384959	-0,000685948438	3833511290000	-0,0122896703	-81,3886342	3833511290000	0,396937246	-0,0000484682229	0,0266012893	-0,000000000000963996925	8340849420
0,0544918000	0,000911618202	-0,000697217965	3684882190000	-0,0208322690	-48,0211847	3684882190000	0,395880608	-0,0000274844857	0,0266007311	-0,00000000000113032454	8340810410
0,0548228000	0,000897570787	-0,000698841840	3628095980000	-0,0477683811	-20,9527941	3628095980000	0,395466026	-0,0000118015439	0,0266003139	-0,00000000000137193811	8340795510
0,0551538000	0,000848943657	-0,000698699811	3431523550000	2,05093803	0,470134629	3431523550000	0,393980919	0,000000259977059	0,0265999931	-0,00000000000325555091	8340744000
0,0554848000	0,000837469946	-0,000696682809	3385141970000	0,0314690495	31,7600428	3385141970000	0,393618540	0,0000167145174	0,0265995554	-0,00000000000301641404	8340731860
0,0558158000	0,000859889100	-0,000691767017	3475769730000	0,0211305620	47,3071464	3475769730000	0,394322232	0,0000255588042	0,0265993201	-0,000000000000157402336	8340755590
0,0561468000	0,000847703068	-0,000691179146	3426508560000	0,0216890082	46,0888821	3426508560000	0,393941966	0,0000245478075	0,0265993470	-0,00000000000380984433	8340742690
0,0564778000	0,000879360032	-0,000692002885	3554479830000	0,0256123542	39,0255872	3554479830000	0,394919161	0,0000215638914	0,0265994264	-0,00000000000118395685	8340776210
0,0568088000	0,000922171273	-0,000689849756	3727542730000	0,0409478236	24,4023737	3727542730000	0,396188031	0,0000141446560	0,0265996238	-0,000000000000964034390	8340821600
0,0571398000	0,000906617883	-0,000699585302	3664668550000	0,113667247	8,77897928	3664668550000	0,395733743	0,00000500956413	0,0265998667	-0,00000000000113032454	8340805100
0,0574708000	0,000858441204	-0,000700625094	3469916710000	0,139527638	7,14939697	3469916710000	0,394277324	0,00000386419817	0,0265998972	-0,000000000000329919833	8340754060
0,0578018000	0,000853025992	-0,000691404371	3448026090000	0,124290619	8,02812862	3448026090000	0,394108713	0,00000431055084	0,0265998853	-0,00000000000109174107	8340748320
0,0581328000	0,000838320951	-0,000689310179	3388582090000	0,123039875	8,11021717	3388582090000	0,393645581	0,00000427929978	0,0265998862	-0,00000000000324570009	8340732760
0,0584638000	0,000836804630	-0,000683617077	3382452480000	0,0523863550	19,0717420	3382452480000	0,393597380	0,0000100326140	0,0265997331	-0,00000000000301641404	8340731160
0,0587948000	0,000861659656	-0,000676973833	3482927090000	0,0342428294	29,1854864	3482927090000	0,394377050	0,0000158043020	0,0265995796	-0,0000000000000429244570	8340757460
0,0591258000	0,000882609590	-0,000667366233	3567616000000	0,0373182669	26,7783909	3567616000000	0,395017540	0,0000148544719	0,0265996049	-0,00000000000118395685	8340779660
0,0594568000	0,000885883600	-0,000668572881	3580851030000	0,0492665056	20,2795614	3580851030000	0,395116307	0,0000112936695	0,0265996996	-0,000000000000973662675	8340783120
0,0597878000	0,000887667954	-0,000671274588	3588064200000	0,0616777534	16,1950601	3588064200000	0,395169988	0,00000903924671	0,0265997596	-0,000000000000973662675	8340785020
0,0601188000	0,000905716739	-0,000667535788	3661025710000	0,0555274971	17,9904842	3661025710000	0,395707193	0,0000102446060	0,0265997275	-0,00000000000113032454	8340804150
0,0604498000	0,000895436544	-0,000674831830	3619468390000	0,0356437625	28,0369991	3619468390000	0,395402491	0,0000157783588	0,0265995803	-0,00000000000149307603	8340793250
0,0607808000	0,000866062019	-0,000672527668	3500723360000	0,0251206763	39,7900472	3500723360000	0,394512878	0,0000216534472	0,0265994240	-0,00000000000137811059	8340762130
0,0611118000	0,000842717876	-0,000670143719	3406356300000	0,0243445202	41,0596864	3406356300000	0,393784879	0,0000217414965	0,0265994217	-0,00000000000392032554	8340737410
0,0614428000	0,000853751392	-0,000667730564	3450958460000	0,0245258681	40,7557307	3450958460000	0,394131360	0,0000218633106	0,0265994184	-0,00000000000109174107	8340749090
0,0617738000	0,000848733887	-0,000663713294	3430675570000	0,0238149819	41,9729312	3430675570000	0,393974336	0,0000223836019	0,0265994046	-0,00000000000325555091	8340743780
0,0621048000	0,000823555862	-0,000662259556	3328895510000	0,0323911762	30,8556788	3328895510000	0,393172593	0,0000159688641	0,0265995752	-0,00000000000937077922	8340717140
0,0624358000	0,000807917843	-0,000659866029	3265680360000	0,0619531815	16,1246152	3265680360000	0,392662617	0,00000819050428	0,0265997821	-0,00000000000775103816	8340700610
0,0627668000	0,000801248948	-0,000665370754	3238722070000	0,149194782	6,68617814	3238722070000	0,392442226	0,00000337303329	0,0265999103	-0,00000000000782388591	8340693560
0,0630978000	0,000831121238	-0,000673018302	3359477860000	0,345465370	2,87756445	3359477860000	0,393415959	0,00000151101176	0,0265999598	-0,00000000000194115987	8340725140
0,0634288000	0,000804895146	-0,000678410524	3253461430000	0,487829517	2,03335255	3253461430000	0,392562943	0,00000103628251	0,0265999724	-0,00000000000777177451	8340697410
0,0637598000	0,000844922669	-0,000675420135	3415269010000	-0,685779186	-1,47556001	3415269010000	0,393854464	-0,000000773822224	0,0266000206	-0,00000000000372236048	8340739750
0,0640908000	0,000887031987	-0,000670048977	3585493330000	0,558285305	1,77297071	3585493330000	0,395150867	0,000000997914431	0,0265999735	-0,000000000000973662675	8340784340
0,0644218000	0,000895444543	-0,000656656978	3619500730000	0,0683741986	14,6069993	3619500730000	0,395402730	0,00000822539950	0,0265997812	-0,00000000000149307603	8340793260
0,0647528000	0,000890163612	-0,000646902921	3598152780000	0,0346776552	28,8187208	3598152780000	0,395244893	0,0000161224284	0,0265995711	-0,000000000000973662675	8340787660
0,0650838000	0,000904720826	-0,000634784805	3656999760000	0,0242470961	41,2234613	3656999760000	0,395677821	0,0000234350444	0,0265993766	-0,00000000000124256020	8340803090
0,0654148000	0,000901683212	-0,000623010258	3644720310000	0,0148077044	67,5138836	3644720310000	0,395588040	0,0000382452101	0,0265989827	-0,00000000000137193811	8340799870
0,0657458000	0,000895510574	-0,000614973733	3619767650000	0,00970031899	103,070991	3619767650000	0,395404698	0,0000579822761	0,0265984577	-0,00000000000149307603	8340793330
0,0660768000	0,000840327250	-0,000630504873	3396692390000	0,00733773876	136,264496	3396692390000	0,393709230	0,0000719274316	0,0265980867	-0,00000000000336930183	8340734880
0,0664078000	0,000789413094	-0,000649572008	3190876980000	0,00624075188	160,220876	3190876980000	0,392046673	0,0000794463091	0,0265978867	-0,00000000000454505542	8340681050
0,0667388000	0,000771977154	-0,000667833321	3120394370000	0,00608678284	164,274533	3120394370000	0,391453381	0,0000796566905	0,0265978811	-0,00000000000736299348	8340662640
0,0670698000	0,000708280230	-0,000702630753	2862909430000	0,00550401638	181,670943	2862909430000	0,389169676	0,0000808217915	0,0265978501	-0,00000000000727632079	8340595460
0,0674008000	0,000614074957	-0,000737309497	2482104750000	0,00458206876	218,229402	2482104750000	0,385397152	0,0000841703406	0,0265977611	-0,00000000000565305517	8340496360
0,0677318000	0,000561593019	-0,000764679244	2269960590000	0,00445825127	224,291640	2269960590000	0,383042787	0,0000791141848	0,0265978956	0,00000000000303218638	8340441300
0,0680628000	0,000502920361	-0,000788167160	2032794540000	0,00483263081	206,916278	2032794540000	0,380141628	0,0000653597599	0,0265982614	0,0000000000283514766	8340379870
0,0683938000	0,000477550781	-0,000788715750	1930246660000	0,00572168258	174,763934	1930246660000	0,378783124	0,0000524191084	0,0265986057	0,0000000000260692298	8340353350
0,0687248000	0,000509758143	-0,000776995986	2060434020000	0,00791155541	126,386905	2060434020000	0,380496305	0,0000404666655	0,0265989236	0,0000000000149153602	8340387020
0,0690558000	0,000475562947	-0,000767825090	1922211540000	0,0117587780	85,0330615	1922211540000	0,378673710	0,0000254003425	0,0265993244	0,0000000000260692298	8340351270
0,0693868000	0,000461723775	-0,000752992184	1866271630000	0,0234846087	42,5715744	1866271630000	0,377899320	0,0000123478716	0,0265996715	0,0000000000430402123	8340336810
0,0697178000	0,000472824209	-0,000739386491	1911141160000	-0,477435970	-2,10425490	1911141160000	0,378522228	-0,000000621982565	0,0266000165	0,0000000000260692298	8340348410
0,0700488000	0,000515089489	-0,000724940825	2081984260000	-0,0220254806	-45,4125608	2081984260000	0,380769628	-0,0000146876606	0,0266003907	0,0000000000219604827	8340392600
0,0703798000	0,000554504876	-0,000711563155	2241308830000	-0,0159370586	-62,7582448	2241308830000	0,382708467	-0,0000218521471	0,0266005813	0,000000000000350658218	8340433870
0,0707108000	0,000572529904	-0,000702209288	2314169850000	-0,0131967465	-75,7880317	2314169850000	0,383550639	-0,0000272476429	0,0266007248	-0,00000000000635216977	8340452770
0,0710418000	0,000571276876	-0,000705506511	2309104830000	-0,0105646255	-94,6672615	2309104830000	0,383492938	-0,0000339617550	0,0266009034	-0,00000000000635216977	8340451450
0,0713728000	0,000577170243	-0,000706683767	2332927130000	-0,00937390765	-106,690970	2332927130000	0,383763257	-0,0000386706155	0,0266010286	-0,00000000000750530609	8340457630
0,0717038000	0,000610493821	-0,000702630968	2467628900000	-0,00967312489	-103,391766	2467628900000	0,385242858	-0,0000396381735	0,0266010544	-0,00000000000436711133	8340492600
0,0720348000	0,000656204457	-0,000699573025	2652403430000	-0,0104875202	-95,3649206	2652403430000	0,387149270	-0,0000392977200	0,0266010453	-0,00000000000685692079	8340540640
0,0723658000	0,000700394594	-0,000691045346	2831033180000	-0,0108865273	-91,8710576	2831033180000	0,388873199	-0,0000404069597	0,0266010748	-0,00000000000673687998	8340587150
0,0726968000	0,000716770308	-0,000681424864	2897229080000	-0,0106815218	-93,6343555	2897229080000	0,389485318	-0,0000421454102	0,0266011211	-0,00000000000730597510	8340604400
0,0730278000	0,000730203056	-0,000671220422	2951528720000	-0,0103684450	-96,4614902	2951528720000	0,389977379	-0,0000442317341	0,0266011766	-0,00000000000642487032	8340618560
0,0733588000	0,000768624125	-0,000668506390	3106840190000	-0,0111727644	-89,5191640	3106840190000	0,391337801	-0,0000432074717	0,0266011493	-0,00000000000711660349	8340659100
0,0736898000	0,000794783474	-0,000671276206	3212586120000	-0,0133445064	-74,9535407	3212586120000	0,392226857	-0,0000374069970	0,0266009950	-0,00000000000557478499	8340686730
0,0740208000	0,000846353359	-0,000671436155	3421052460000	-0,0191396878	-52,2648502	3421052460000	0,393899524	-0,0000277731708	0,0266007388	-0,00000000000372236048	8340741260
0,0743518000	0,000865080689	-0,000672422680	3496756400000	-0,0278034570	-35,9845285	3496756400000	0,394482659	-0,0000195419168	0,0266005198	-0,00000000000137811059	8340761090
0,0746828000	0,000883278793	-0,000676377420	3570321220000	-0,0396923843	-25,2119010	3570321220000	0,395037757	-0,0000139765726	0,0266003718	-0,00000000000118395685	8340780360
0,0750138000	0,000893908067	-0,000682457985	3613289580000	-0,109331455	-9,16486774	3613289580000	0,395356900	-0,00000513521016	0,0266001366	-0,00000000000149307603	8340791630
0,0753448000	0,000910619029	-0,000681075240	3680843070000	0,118488386	8,42093388	3680843070000	0,395851323	0,00000482694219	0,0265998716	-0,00000000000113032454	8340809350
0,0756758000	0,000905692004	-0,000679340865	3660925720000	0,0376925616	26,5118227	3660925720000	0,395706464	0,0000150916194	0,0265995986	-0,00000000000113032454	8340804120
0,0760068000	0,000888828722	-0,000680403556	3592756550000	0,0226801165	44,0732192	3592756550000	0,395204852	0,0000246140506	0,0265993453	-0,000000000000973662675	8340786250
0,0763378000	0,000870828689	-0,000681577751	3519992340000	0,0171380353	58,3318496	3519992340000	0,394659198	0,0000319140018	0,0265991511	-0,000000000000973871969	8340767170
0,0766688000	0,000854115747	-0,000676209754	3452431340000	0,0142720785	70,0493259	3452431340000	0,394142727	0,0000375870642	0,0265990002	-0,00000000000109174107	8340749480
0,0769998000	0,000820180666	-0,000669040011	3315251600000	0,0129572629	77,1599359	3315251600000	0,393063321	0,0000397561026	0,0265989425	-0,00000000000937077922	8340713570
0,0773308000	0,000803200471	-0,000669317942	3246610890000	0,0125783090	79,4854333	3246610890000	0,392506903	0,0000401059273	0,0265989332	-0,00000000000727673628	8340695620
0,0776618000	0,000778907186	-0,000667400462	3148408130000	0,0127732847	78,2723871	3148408130000	0,391690727	0,0000382991393	0,0265989812	-0,00000000000769125581	8340669950
0,0779928000	0,000763100308	-0,000663341417	3084510920000	0,0138171374	72,3582043	3084510920000	0,391146324	0,0000346871658	0,0265990773	-0,00000000000693728577	8340653270
0,0783238000	0,000731201192	-0,000661652514	2955563520000	0,0156397707	63,9245235	2955563520000	0,390013591	0,0000293636810	0,0265992189	-0,00000000000642487032	8340619610
0,0786548000	0,000726157479	-0,000663684793	2935175130000	0,0201848092	49,5272778	2935175130000	0,389830114	0,0000225948754	0,0265993990	-0,00000000000615981907	8340614300
0,0789858000	0,000733395347	-0,000666102789	2964433040000	0,0286879688	34,8427404	2964433040000	0,390093026	0,0000160561873	0,0265995729	-0,00000000000651411693	8340621930
0,0793168000	0,000733886064	-0,000670226187	2966416680000	0,0449131714	22,2500956	2966416680000	0,390110759	0,0000102626381	0,0265997270	-0,00000000000651411693	8340622440
0,0796478000	0,000732551501	-0,000671426732	2961021930000	0,0589303794	16,9541159	2961021930000	0,390062503	0,00000780733775	0,0265997923	-0,00000000000651411693	8340621040
0,0799788000	0,000740897428	-0,000671253744	2994759020000	0,0761277574	13,1205816	2994759020000	0,390362891	0,00000611250780	0,0265998374	-0,00000000000718672527	8340629840
0,0803098000	0,000759555786	-0,000675140205	3070182680000	0,0640403489	15,5995412	3070182680000	0,391022749	0,00000744922529	0,0265998019	-0,00000000000693728577	8340649520
0,0806408000	0,000768722885	-0,000677290570	3107239420000	0,0329456846	30,3371868	3107239420000	0,391341212	0,0000146546943	0,0265996102	-0,00000000000711660349	8340659200
0,0809718000	0,000784446194	-0,000672268047	3170798890000	0,0234264203	42,6707217	3170798890000	0,391878967	0,0000210311658	0,0265994406	-0,00000000000453394704	8340675800
0,0813028000	0,000794616604	-0,000673844619	3211911560000	0,0173014304	57,7823560	3211911560000	0,392221276	0,0000288457708	0,0265992327	-0,00000000000557478499	8340686550
0,0816338000	0,000772811463	-0,000673011061	3123766950000	0,0135447113	73,8136686	3123766950000	0,391482064	0,0000358351689	0,0265990468	-0,00000000000773199723	8340663520
0,0819648000	0,000766559796	-0,000681086132	3098495420000	0,0112194686	89,1150236	3098495420000	0,391266400	0,0000429120393	0,0265988585	-0,00000000000673088760	8340656920
0,0822958000	0,000720371354	-0,000693639918	2911785690000	0,00921761225	108,473155	2911785690000	0,389618102	0,0000490841816	0,0265986944	-0,00000000000538999322	8340608200
0,0826268000	0,000685216714	-0,000703109624	2769679490000	0,00843880728	118,486069	2769679490000	0,388293313	0,0000509975165	0,0265986435	-0,00000000000973373927	8340571170
0,0829578000	0,000654173292	-0,000719488329	2644192890000	0,00765917408	130,548927	2644192890000	0,387067342	0,0000536428414	0,0265985731	-0,00000000000665805802	8340538500
0,0832888000	0,000593772106	-0,000735311110	2400035680000	0,00703121797	142,210656	2400035680000	0,384510520	0,0000530380706	0,0265985892	-0,00000000000923708667	8340475050
0,0836198000	0,000580150989	-0,000745202444	2344975970000	0,00730597394	136,862356	2344975970000	0,383898954	0,0000498724679	0,0265986734	-0,00000000000843258396	8340460760
0,0839508000	0,000538728556	-0,000754331373	2177537780000	0,00776847669	128,714280	2177537780000	0,381949120	0,0000435542372	0,0265988415	0,0000000000141462232	8340417350
0,0842818000	0,000536417972	-0,000750649508	2168197950000	0,0100039340	99,9496377	2168197950000	0,381836086	0,0000336766352	0,0265991042	0,0000000000141462232	8340414930
0,0846128000	0,000541436851	-0,000747611366	2188485240000	0,0132797371	75,2915549	2188485240000	0,382081008	0,0000256067656	0,0265993189	0,00000000000679274935	8340420180
0,0849438000	0,000531642981	-0,000753501036	2148896520000	0,0220830475	45,2726650	2148896520000	0,381600978	0,0000151201840	0,0265995978	0,0000000000195964415	8340409930
0,0852748000	0,000536813311	-0,000758983642	2169795980000	0,152702750	6,53762457	2169795980000	0,381855460	0,00000220786556	0,0265999413	0,0000000000141462232	8340415340
0,0856058000	0,000540286886	-0,000765134786	2183836850000	-0,0326261397	-30,6613875	2183836850000	0,382025086	-0,0000104005206	0,0266002767	0,00000000000679274935	8340418980
0,0859368000	0,000557624649	-0,000763542126	2253919610000	-0,0183835455	-54,4079439	2253919610000	0,382856126	-0,0000190506469	0,0266005067	0,00000000000503791518	8340437140
0,0862678000	0,000573461683	-0,000755977635	2317936310000	-0,0153665873	-65,0880558	2317936310000	0,383593467	-0,0000234382214	0,0266006235	-0,00000000000635216977	8340453750
0,0865988000	0,000584986577	-0,000749090186	2364522520000	-0,0137310071	-72,8399039	2364522520000	0,384117653	-0,0000267572603	0,0266007117	-0,00000000000873697428	8340465830
0,0869298000	0,000603596394	-0,000734717763	2439747810000	-0,0144983837	-68,9856213	2439747810000	0,384943180	-0,0000261472445	0,0266006955	-0,00000000000590945891	8340485360
0,0872608000	0,000660667287	-0,000717961529	2670443460000	-0,0172586292	-57,9556156	2670443460000	0,387328417	-0,0000240423918	0,0266006395	-0,00000000000691690796	8340545330
0,0875918000	0,000694732180	-0,000703178414	2808143930000	-0,0201676747	-49,5985833	2808143930000	0,388658301	-0,0000216353596	0,0266005755	-0,00000000000882430363	8340581180
0,0879228000	0,000717222002	-0,000691720456	2899054980000	-0,0239516421	-41,7655370	2899054980000	0,389502009	-0,0000188070959	0,0266005003	-0,00000000000730597510	8340604880
0,0882538000	0,000748308155	-0,000679151327	3024715760000	-0,0289515826	-34,5558097	3024715760000	0,390626881	-0,0000162335253	0,0266004318	-0,00000000000652690143	8340637660
0,0885848000	0,000750926698	-0,000675837970	3035300830000	-0,0420948557	-23,7713092	3035300830000	0,390719555	-0,0000112040051	0,0266002980	-0,00000000000652690143	8340640420
0,0889158000	0,000736612537	-0,000675196754	2977438020000	-0,192703378	-5,20446635	2977438020000	0,390209081	-0,00000240078895	0,0266000639	-0,00000000000718672527	8340625320
0,0892468000	0,000735167557	-0,000670918886	2971596910000	0,0933300456	10,6995490	2971596910000	0,390157016	0,00000494730860	0,0265998684	-0,00000000000640081542	8340623800
0,0895778000	0,000729517062	-0,000665624352	2948755700000	0,0530857706	18,8224414	2948755700000	0,389952464	0,00000863100262	0,0265997704	-0,00000000000572849602	8340617840
0,0899088000	0,000735551599	-0,000662792173	2973149340000	0,0330034643	30,2847275	2973149340000	0,390170864	0,0000139977353	0,0265996277	-0,00000000000640081542	8340624200
0,0902398000	0,000727041296	-0,000660251474	2938747820000	0,0237635886	42,0662389	2938747820000	0,389862354	0,0000192154640	0,0265994889	-0,00000000000615981907	8340615230
0,0905708000	0,000707375341	-0,000661385236	2859251580000	0,0217457017	45,9715553	2859251580000	0,389135818	0,0000204305249	0,0265994565	-0,00000000000727632079	8340594500
0,0909018000	0,000700659653	-0,000660149179	2832104630000	0,0210493261	47,4930526	2832104630000	0,388883217	0,0000209060353	0,0265994439	-0,00000000000688010970	8340587430
0,0912328000	0,000713319043	-0,000658934293	2883277940000	0,0196497295	50,8766197	2883277940000	0,389357448	0,0000227997725	0,0265993935	-0,00000000000730597510	8340600760
0,0915638000	0,000714506800	-0,000660981667	2888079240000	0,0180527787	55,3784441	2888079240000	0,389401522	0,0000248579681	0,0265993388	-0,00000000000730597510	8340602020
0,0918948000	0,000704675262	-0,000660284317	2848337000000	0,0169421358	59,0099466	2848337000000	0,389034540	0,0000261230447	0,0265993051	-0,00000000000727632079	8340591660
0,0922258000	0,000687719228	-0,000660844683	2779795410000	0,0176456595	56,6570193	2779795410000	0,388389778	0,0000244779769	0,0265993489	-0,0000000000116111906	8340573800
0,0925568000	0,000678892531	-0,000662588341	2744115230000	0,0177615265	56,2875070	2744115230000	0,388048000	0,0000240061567	0,0265993614	-0,00000000000954278575	8340564510
0,0928878000	0,000666446976	-0,000663904822	2693806630000	0,0156692440	63,8055833	2693806630000	0,387558683	0,0000267127718	0,0265992894	-0,00000000000722542653	8340551410
0,0932188000	0,000649841508	-0,000666192771	2626682610000	0,0142036950	70,3908507	2626682610000	0,386891788	0,0000287347115	0,0265992357	-0,00000000000542842177	8340533950
0,0935498000	0,000642968839	-0,000667513012	2598901390000	0,0142125671	70,3470425	2598901390000	0,386610910	0,0000284130499	0,0265992442	-0,00000000000832718899	8340526720
0,0938808000	0,000632698698	-0,000668568058	2557386720000	0,0152624539	65,5072505	2557386720000	0,386185686	0,0000260359015	0,0265993074	-0,00000000000740974042	8340515930
0,0942118000	0,000633864697	-0,000669881156	2562099990000	0,0162304277	61,5996342	2562099990000	0,386234300	0,0000245282572	0,0265993475	-0,00000000000803712291	8340517150
0,0945428000	0,000611786803	-0,000670174811	2472855460000	0,0158167284	63,2116160	2472855460000	0,385298668	0,0000242930842	0,0265993538	-0,00000000000565305517	8340493960
0,0948738000	0,000608428512	-0,000668381574	2459280410000	0,0174037151	57,4464812	2459280410000	0,385153473	0,0000219566797	0,0265994160	-0,00000000000436711133	8340490430
0,0952048000	0,000602192159	-0,000667568077	2434071550000	0,0198835154	50,2805305	2434071550000	0,384881760	0,0000190213243	0,0265994940	-0,00000000000594496155	8340483890
0,0955358000	0,000603513860	-0,000666164892	2439414180000	0,0207974644	48,0703704	2439414180000	0,384939574	0,0000182253441	0,0265995152	-0,00000000000590945891	8340485280
0,0958668000	0,000602964406	-0,000664213350	2437193160000	0,0204811340	48,8130186	2437193160000	0,384915555	0,0000184899838	0,0265995082	-0,00000000000594496155	8340484700
0,0961978000	0,000595210104	-0,000667011252	2405848410000	0,0224092811	44,6121238	2405848410000	0,384574284	0,0000166817234	0,0265995563	-0,00000000000694618803	8340476560
0,0965288000	0,000584418393	-0,000669296004	2362225790000	0,0259583549	38,5112200	2362225790000	0,384092048	0,0000141398506	0,0265996239	-0,00000000000873697428	8340465240
0,0968598000	0,000593246673	-0,000670633732	2397911750000	0,0269559364	37,0853762	2397911750000	0,384487184	0,0000138222694	0,0265996323	-0,00000000000923708667	8340474500
0,0971908000	0,000594972128	-0,000671595082	2404886450000	0,0280414129	35,6493022	2404886450000	0,384563742	0,0000133258606	0,0265996455	-0,00000000000694618803	8340476310
0,0975218000	0,000585332198	-0,000673168844	2365919600000	0,0287261214	34,7994805	2365919600000	0,384133217	0,0000127974539	0,0265996596	-0,00000000000873697428	8340466200
0,0978528000	0,000582799701	-0,000674732503	2355682670000	0,0284753337	35,1061242	2355682670000	0,384018967	0,0000128543034	0,0265996581	-0,00000000000843258396	8340463540
0,0981838000	0,000585384930	-0,000675573554	2366132760000	0,0302308865	33,0667098	2366132760000	0,384135591	0,0000121615466	0,0265996765	-0,00000000000873697428	8340466250
0,0985148000	0,000586833535	-0,000676033796	2371988350000	0,0321133740	31,1276020	2371988350000	0,384200720	0,0000114769687	0,0265996947	-0,00000000000873697428	8340467770
0,0988458000	0,000579472245	-0,000677760373	2342232340000	0,0317105196	31,5233553	2342232340000	0,383868115	0,0000114769687	0,0265996947	-0,00000000000843258396	8340460050
0,0991768000	0,000587674173	-0,000678805419	2375386410000	0,0321593789	31,0830386	2375386410000	0,384238444	0,0000114769687	0,0265996947	-0,00000000000817163018	8340468650
0,0995078000	0,000586370786	-0,000681203578	2370117810000	0,0320880496	31,1521875	2370117810000	0,384179932	0,0000114769687	0,0265996947	-0,00000000000873697428	8340467280
0,0998388000	0,000578711285	-0,000683655961	2339156370000	0,000645661064	1548,78832	2339156370000	0,383833497	0,000562931094	0,0265850260	-0,00000000000843258396	8340459250
